PLAYER_ID,PLAYER_NAME,NICKNAME,TEAM_ID,TEAM_ABBREVIATION,AGE,GP,W,L,W_PCT,MIN,FGM,FGA,FG_PCT,FG3M,FG3A,FG3_PCT,FTM,FTA,FT_PCT,OREB,DREB,REB,AST,TOV,STL,BLK,BLKA,PF,PFD,PTS,PLUS_MINUS,NBA_FANTASY_PTS,DD2,TD3,WNBA_FANTASY_PTS,GP_RANK,W_RANK,L_RANK,W_PCT_RANK,MIN_RANK,FGM_RANK,FGA_RANK,FG_PCT_RANK,FG3M_RANK,FG3A_RANK,FG3_PCT_RANK,FTM_RANK,FTA_RANK,FT_PCT_RANK,OREB_RANK,DREB_RANK,REB_RANK,AST_RANK,TOV_RANK,STL_RANK,BLK_RANK,BLKA_RANK,PF_RANK,PFD_RANK,PTS_RANK,PLUS_MINUS_RANK,NBA_FANTASY_PTS_RANK,DD2_RANK,TD3_RANK,WNBA_FANTASY_PTS_RANK,TEAM_COUNT
203932,Aaron Gordon,Aaron,1610612753,ORL,23.0,78,40,38,0.513,2632.5333333333333,470,1046,0.449,121,347,0.349,185,253,0.731,129,445,574,289,162,57,56,52,172,262,1246,107,2545.3,19,0,2456.0,68,113,426,245,15,51,46,229,73,70,199,63,57,295,43,30,31,53,40,119,50,471,439,39,52,91,43,34,38,40,1
1628988,Aaron Holiday,Aaron,1610612754,IND,22.0,50,31,19,0.62,645.83,105,262,0.401,43,127,0.339,41,50,0.82,5,62,67,87,40,21,13,12,71,58,294,102,566.9,0,0,559.0,294,187,183,134,338,306,296,402,237,240,235,288,304,129,433,357,376,235,294,299,260,218,210,283,302,97,324,261,38,320,1
1627846,Abdel Nader,Abdel,1610612760,OKC,25.0,61,38,23,0.623,693.6566666666666,91,215,0.423,32,100,0.32,27,36,0.75,14,102,116,20,26,20,12,8,68,35,241,-154,480.2,0,0,473.0,227,132,230,132,330,329,325,316,268,262,305,341,351,258,360,305,318,396,345,311,277,172,203,351,324,464,344,261,38,338,1
201143,Al Horford,Al,1610612738,BOS,33.0,68,41,27,0.603,1972.6833333333334,387,723,0.535,73,203,0.36,78,95,0.821,120,338,458,283,102,59,86,29,126,121,925,258,2232.1,10,1,2029.0,165,103,271,152,109,76,101,68,155,152,167,193,204,127,50,61,56,54,111,110,23,353,343,154,97,37,64,70,16,78,1
202329,Al-Farouq Aminu,Al-Farouq,1610612757,POR,28.0,81,52,29,0.642,2291.6983333333333,257,593,0.433,96,280,0.343,150,173,0.867,112,498,610,104,72,68,33,29,143,148,760,384,1879.0,12,0,1772.0,22,18,312,112,58,152,141,281,109,102,222,92,112,52,56,19,27,203,178,83,119,353,382,128,133,17,95,60,38,104,1
1626210,Alan Williams,Alan,1610612751,BKN,26.0,5,1,4,0.2,25.533333333333335,8,13,0.615,0,1,0.0,2,4,0.5,4,15,19,3,1,1,0,0,2,3,18,16,47.3,0,0,42.0,488,499,59,496,500,473,489,25,454,480,454,475,467,471,442,449,451,482,485,471,473,1,27,473,481,177,475,261,38,478,1
202692,Alec Burks,Alec,1610612758,SAC,27.0,64,19,45,0.297,1374.9466666666667,192,474,0.405,61,168,0.363,116,141,0.823,30,205,235,128,65,39,21,37,91,122,561,-298,1150.0,1,0,1105.0,201,307,488,448,204,215,195,387,182,195,151,129,139,124,269,162,198,159,201,206,200,411,254,151,194,511,207,189,38,205,3
203518,Alex Abrines,Alex,1610612760,OKC,25.0,31,21,10,0.677,588.2733333333333,56,157,0.357,41,127,0.323,12,13,0.923,5,43,48,20,14,17,6,6,53,31,165,29,307.6,0,0,320.0,383,284,102,74,349,375,357,461,241,240,299,409,420,18,433,397,405,396,398,330,358,136,174,361,367,158,385,261,38,375,1
1627936,Alex Caruso,Alex,1610612747,LAL,25.0,25,8,17,0.32,531.1266666666667,77,173,0.445,24,50,0.48,51,64,0.797,20,47,67,77,42,24,9,18,54,58,229,46,481.9,3,0,463.0,403,424,164,435,354,343,346,245,289,320,13,256,268,179,322,387,376,260,288,288,310,274,177,283,333,136,343,131,38,341,1
203458,Alex Len,Alex,1610612737,ATL,26.0,77,28,49,0.364,1544.075,320,648,0.494,74,204,0.363,140,216,0.648,158,266,424,86,97,27,69,45,200,157,854,-163,1682.8,9,0,1630.0,74,219,506,406,178,109,126,124,150,150,152,103,79,400,37,102,65,239,122,267,35,447,484,113,115,470,128,78,38,126,1
1627816,Alex Poythress,Alex,1610612737,ATL,25.0,21,7,14,0.333,304.9,40,81,0.494,9,23,0.391,18,29,0.621,29,47,76,17,13,4,10,7,47,28,107,-75,252.7,0,0,237.0,417,433,136,422,403,403,406,124,359,380,83,381,372,426,271,387,361,407,405,440,298,156,160,369,405,398,397,261,38,399,1
1628035,Alfonzo McKinnie,Alfonzo,1610612744,GSW,26.0,72,53,19,0.736,1003.3583333333333,134,275,0.487,42,118,0.356,27,48,0.563,81,166,247,31,30,18,15,20,134,48,337,11,748.9,1,0,723.0,135,13,183,40,275,282,287,135,239,248,175,341,309,460,91,216,176,360,333,321,245,296,362,312,289,191,290,189,38,292,1
1628993,Alize Johnson,Alize,1610612754,IND,23.0,14,9,5,0.643,64.43333333333334,4,16,0.25,1,2,0.5,4,8,0.5,4,15,19,1,0,1,3,1,7,4,13,1,49.3,0,0,42.0,448,413,67,110,475,490,483,508,433,465,7,454,448,471,442,449,451,500,507,471,408,39,56,464,490,220,473,261,38,478,1
203459,Allen Crabbe,Allen,1610612751,BKN,27.0,43,19,24,0.442,1133.0883333333334,137,373,0.367,98,259,0.378,41,56,0.732,16,132,148,46,46,23,13,10,102,39,413,4,721.6,1,0,777.0,331,307,245,340,253,279,247,457,108,114,100,288,291,291,343,265,284,327,268,289,260,201,279,337,268,206,296,189,38,276,1
1629019,Allonzo Trier,Allonzo,1610612752,NYK,23.0,64,13,51,0.203,1458.5633333333333,232,518,0.448,52,132,0.394,179,223,0.803,31,166,197,119,116,28,14,62,117,182,695,-205,1119.9,2,0,1147.0,201,374,510,494,190,171,174,233,204,230,79,69,76,164,264,216,231,179,89,261,253,491,326,86,158,489,211,159,38,195,1
1628518,Amile Jefferson,Amile,1610612753,ORL,26.0,12,9,3,0.75,68.25,10,16,0.625,0,0,0.0,7,8,0.875,6,15,21,3,1,3,3,1,8,4,27,13,73.7,0,0,63.0,454,413,48,29,471,465,483,17,454,495,454,438,448,45,420,449,446,482,485,447,408,39,62,464,466,185,457,261,38,463,1
101161,Amir Johnson,Amir,1610612755,PHI,32.0,51,32,19,0.627,529.1716666666666,79,157,0.503,12,40,0.3,31,41,0.756,47,100,147,60,45,16,13,6,99,45,201,-70,509.4,0,0,478.0,284,179,183,123,355,341,357,104,335,337,348,326,335,253,187,308,288,294,273,338,260,136,274,322,346,395,335,261,38,336,1
203083,Andre Drummond,Andre,1610612765,DET,25.0,79,40,39,0.506,2646.89,561,1052,0.533,5,38,0.132,243,412,0.59,423,809,1232,112,175,136,138,90,272,325,1370,176,3663.4,69,0,3267.0,56,113,438,250,14,26,43,73,387,344,444,37,25,449,1,1,1,191,31,5,6,520,529,28,40,58,7,1,38,13,1
2738,Andre Iguodala,Andre,1610612744,GSW,35.0,68,47,21,0.691,1577.88,151,302,0.5,48,144,0.333,39,67,0.582,48,204,252,216,52,61,51,4,95,82,389,315,1299.4,0,0,1129.0,165,51,202,67,173,270,273,107,220,219,248,295,263,452,179,163,171,89,240,102,61,109,265,223,274,29,180,261,38,198,1
201281,Andre Ingram,Andre,1610612747,LAL,33.0,4,1,3,0.25,14.626666666666667,0,6,0.0,0,3,0.0,0,0,0.0,1,1,2,0,1,1,0,0,0,1,0,5,4.4,0,0,4.0,493,499,48,465,510,519,507,519,454,458,454,497,504,497,482,508,510,510,485,471,473,1,1,494,521,203,518,261,38,518,1
101106,Andrew Bogut,Andrew,1610612744,GSW,34.0,11,8,3,0.727,134.36333333333334,18,36,0.5,0,0,0.0,3,3,1.0,12,43,55,11,8,3,8,1,22,8,39,10,146.5,0,0,127.0,458,424,48,42,447,438,451,107,454,495,454,467,478,1,372,397,395,434,434,447,319,39,103,441,451,194,432,261,38,436,1
1626150,Andrew Harrison,Andrew,1610612740,NOP,24.0,17,6,11,0.353,185.785,16,53,0.302,5,25,0.2,17,18,0.944,6,14,20,24,12,4,2,2,34,18,54,-22,120.0,0,0,115.0,435,450,111,417,429,445,431,498,387,374,423,386,403,16,420,454,447,379,412,440,424,74,135,399,434,301,440,261,38,439,3
203952,Andrew Wiggins,Andrew,1610612750,MIN,24.0,73,31,42,0.425,2542.713333333333,498,1209,0.412,118,348,0.339,207,296,0.699,83,269,352,184,138,70,48,88,153,228,1321,-66,2235.4,3,0,2211.0,124,187,465,354,30,44,24,364,79,68,233,48,38,349,85,101,97,109,60,77,69,518,402,53,47,387,63,131,38,55,1
1629014,Anfernee Simons,Anfernee,1610612757,POR,20.0,20,17,3,0.85,140.50833333333333,28,63,0.444,10,29,0.345,9,16,0.563,3,10,13,13,11,1,0,3,9,10,75,-52,102.1,0,0,113.0,421,328,48,14,446,419,422,246,346,362,216,418,409,460,455,466,464,423,416,471,473,91,69,432,421,366,448,261,38,442,1
1629116,Angel Delgado,Angel,1610612746,LAC,24.0,2,0,2,0.0,14.766666666666667,1,5,0.2,0,0,0.0,1,2,0.5,2,2,4,0,0,1,0,2,2,1,3,3,10.8,0,0,9.0,511,519,39,519,509,511,510,516,454,495,454,484,481,471,469,501,495,510,507,471,473,74,27,494,511,212,509,261,38,509,1
1627790,Ante Zizic,Ante,1610612739,CLE,22.0,59,13,46,0.22,1081.9683333333332,183,331,0.553,0,0,0.0,93,132,0.705,108,212,320,53,61,13,22,35,113,121,459,-80,966.5,4,0,902.0,240,374,491,485,262,235,267,56,454,495,454,167,153,341,61,153,118,311,215,361,191,400,314,154,243,406,249,111,38,258,1
203076,Anthony Davis,Anthony,1610612740,NOP,26.0,56,25,31,0.446,1849.8833333333334,530,1026,0.517,48,145,0.331,344,433,0.794,174,498,672,218,112,88,135,40,132,368,1452,133,3142.4,37,0,2836.0,263,251,335,332,131,32,51,92,220,218,267,19,18,183,26,19,20,88,98,40,8,424,359,20,34,75,17,13,38,24,1
201229,Anthony Tolliver,Anthony,1610612750,MIN,34.0,65,27,38,0.415,1079.3416666666667,99,259,0.382,81,215,0.377,47,60,0.783,15,162,177,46,36,17,21,7,91,54,326,-66,685.4,0,0,706.0,196,229,426,366,263,312,301,439,131,142,106,272,280,206,357,226,255,327,303,330,200,156,254,292,291,387,305,261,38,296,1
1628469,Antonio Blakeney,Antonio,1610612741,CHI,22.0,57,14,43,0.246,829.0366666666666,166,396,0.419,36,91,0.396,50,76,0.658,7,99,106,42,35,12,9,31,41,51,418,-148,636.2,0,0,644.0,259,361,474,469,300,253,235,335,254,277,75,259,240,396,415,310,331,334,309,369,310,369,147,299,266,459,315,261,38,305,1
203382,Aron Baynes,Aron,1610612738,BOS,32.0,51,32,19,0.627,820.795,105,223,0.471,21,61,0.344,53,62,0.855,88,152,240,57,40,12,34,12,125,96,284,130,755.5,3,0,694.0,284,179,183,123,302,306,317,175,300,306,217,253,273,70,79,242,188,298,294,369,110,218,342,198,307,80,289,131,38,297,1
203085,Austin Rivers,Austin,1610612745,HOU,26.0,76,45,31,0.592,2027.7266666666667,232,572,0.406,104,327,0.318,50,95,0.526,25,137,162,167,68,47,23,24,207,103,618,104,1204.9,0,0,1191.0,88,70,335,166,100,171,149,384,102,79,317,259,204,469,294,261,273,123,190,158,182,324,495,187,176,96,199,261,38,188,2
202340,Avery Bradley,Avery,1610612763,MEM,28.0,63,31,32,0.492,1905.4483333333333,248,608,0.408,86,245,0.351,43,50,0.86,43,132,175,152,89,41,16,48,167,69,625,-82,1145.0,0,0,1152.0,218,187,352,275,122,159,137,375,120,123,193,280,304,64,196,265,258,137,140,192,238,457,428,252,174,408,208,261,38,194,2
1629168,BJ Johnson,BJ,1610612758,SAC,23.0,7,2,5,0.286,49.35,9,18,0.5,3,7,0.429,2,2,1.0,2,6,8,0,2,2,0,2,4,2,23,-16,36.6,0,0,38.0,477,486,67,449,483,468,478,107,405,433,32,475,481,1,469,476,478,510,475,458,473,74,41,488,471,286,486,261,38,483,2
1628389,Bam Adebayo,Bam,1610612748,MIA,21.0,82,39,43,0.476,1912.6,280,486,0.576,3,15,0.2,166,226,0.735,165,432,597,184,121,71,65,31,203,227,729,21,2008.4,11,0,1785.0,1,118,474,293,120,135,183,45,405,400,423,76,74,288,31,32,29,109,78,71,40,369,491,55,142,168,82,64,38,101,1
203463,Ben McLemore,Ben,1610612758,SAC,26.0,19,7,12,0.368,157.62333333333333,25,64,0.391,17,41,0.415,8,12,0.667,3,14,17,4,5,6,3,3,22,7,75,-17,123.4,0,0,131.0,424,433,125,404,439,425,420,424,312,336,42,429,424,381,455,454,457,473,452,416,408,91,103,446,421,292,438,261,38,433,1
1627732,Ben Simmons,Ben,1610612755,PHI,22.0,79,50,29,0.633,2700.2633333333333,540,960,0.563,0,6,0.0,257,428,0.6,172,525,697,610,274,112,61,57,209,373,1337,116,3333.4,42,10,2990.0,56,25,312,117,9,31,56,51,454,436,454,35,19,438,28,14,16,3,4,16,42,484,499,18,46,89,15,10,3,18,1
1628656,Billy Garrett,Billy,1610612752,NYK,24.0,4,1,3,0.25,63.43333333333333,11,27,0.407,0,8,0.0,4,4,1.0,0,3,3,7,2,1,1,0,3,4,26,-16,44.1,0,0,40.0,493,499,48,465,477,461,465,377,454,428,454,454,467,1,505,496,500,452,475,471,447,1,34,464,468,286,480,261,38,482,1
202687,Bismack Biyombo,Bismack,1610612766,CHA,26.0,54,24,30,0.444,782.4416666666667,89,156,0.571,0,0,0.0,58,91,0.637,81,166,247,33,34,11,41,23,103,82,236,-133,703.9,3,0,620.0,274,262,324,335,313,332,360,48,454,495,454,230,213,410,91,216,176,357,316,378,84,318,284,223,327,453,301,131,38,309,1
201933,Blake Griffin,Blake,1610612765,DET,30.0,75,39,36,0.52,2622.3333333333335,619,1341,0.462,189,522,0.362,414,550,0.753,100,465,565,402,253,52,28,72,199,573,1841,37,3109.0,21,2,3157.0,98,118,406,235,17,18,13,201,14,13,159,8,4,256,68,27,33,28,7,143,149,507,482,1,10,147,18,30,10,15,1
1626246,Boban Marjanovic,Boban,1610612755,PHI,30.0,58,31,27,0.534,680.6583333333333,160,260,0.615,4,10,0.4,98,131,0.748,87,178,265,54,59,16,27,18,90,93,422,3,891.0,6,0,831.0,248,187,271,224,332,262,299,25,396,420,61,154,154,270,81,199,156,307,220,338,152,274,249,201,261,212,266,95,38,268,2
1626171,Bobby Portis,Bobby,1610612764,WAS,24.0,50,14,36,0.28,1298.1766666666667,279,628,0.444,75,191,0.393,77,97,0.794,109,294,403,72,74,35,20,30,145,92,710,-110,1392.6,14,0,1370.0,294,361,406,452,219,136,132,250,148,173,81,196,200,185,58,87,79,268,172,224,206,363,387,205,148,434,161,50,38,159,2
203992,Bogdan Bogdanović,Bogdan,1610612758,SAC,26.0,70,32,38,0.457,1947.17,361,863,0.418,134,372,0.36,134,162,0.827,40,203,243,267,117,72,15,39,142,185,990,-39,1826.1,1,0,1808.0,148,179,426,318,113,91,67,339,59,57,164,110,117,116,212,166,185,62,87,66,245,419,381,84,82,343,102,189,38,96,1
202711,Bojan Bogdanovic,Bojan,1610612754,IND,30.0,81,47,34,0.58,2573.0583333333334,522,1051,0.497,164,386,0.425,246,305,0.807,33,300,333,161,134,69,1,88,138,234,1454,177,2171.1,0,0,2252.0,22,51,382,184,24,36,44,121,28,51,38,36,36,154,248,85,105,127,63,78,447,518,370,51,33,57,69,261,38,51,1
1629045,Bonzie Colson,Bonzie,1610612749,MIL,23.0,8,6,2,0.75,98.47666666666667,13,39,0.333,5,21,0.238,8,9,0.889,8,22,30,3,3,5,1,3,3,6,39,-22,94.5,2,0,89.0,473,450,39,29,462,455,447,478,387,384,408,429,443,30,405,436,434,482,468,433,447,91,34,454,451,301,450,159,38,450,1
202954,Brad Wanamaker,Brad,1610612738,BOS,29.0,36,27,9,0.75,342.60833333333335,50,105,0.476,16,39,0.41,24,28,0.857,3,38,41,56,19,12,2,2,34,23,140,72,296.2,0,0,281.0,364,229,96,29,392,384,394,162,316,340,45,353,373,66,455,403,415,299,372,369,424,74,135,385,382,108,389,261,38,391,1
203078,Bradley Beal,Bradley,1610612764,WAS,26.0,82,32,50,0.39,3027.6516666666666,764,1609,0.475,209,596,0.351,362,448,0.808,89,322,411,448,224,121,58,64,226,361,2099,-112,3577.2,11,2,3525.0,1,179,508,389,1,2,4,166,12,11,196,15,16,152,77,67,73,21,15,11,46,495,512,22,4,439,9,64,10,6,1
1629164,Brandon Goodwin,Brandon,1610612743,DEN,23.0,16,10,6,0.625,57.053333333333335,6,23,0.261,2,6,0.333,9,11,0.818,1,2,3,14,3,0,0,0,7,10,23,12,44.6,0,0,42.0,438,400,76,126,479,483,469,506,417,436,248,418,429,133,482,501,500,418,468,505,473,1,56,432,471,188,479,261,38,478,1
1627742,Brandon Ingram,Brandon,1610612747,LAL,21.0,52,25,27,0.481,1760.4933333333333,362,729,0.497,31,94,0.33,195,289,0.675,41,226,267,154,129,28,31,50,149,266,950,-59,1549.4,2,0,1520.0,281,251,271,287,143,90,100,122,272,273,272,54,41,377,204,136,154,136,68,261,131,463,397,38,90,380,146,159,38,140,1
202688,Brandon Knight,Brandon,1610612739,CLE,27.0,39,17,22,0.436,736.545,99,260,0.381,41,129,0.318,27,34,0.794,10,49,59,71,30,21,2,17,62,51,266,-190,482.3,0,0,483.0,354,328,217,346,323,312,299,442,241,236,318,341,357,184,389,382,390,273,333,299,424,262,190,299,317,483,342,261,38,335,2
1629102,Brandon Sampson,Brandon,1610612741,CHI,22.0,14,3,11,0.214,214.305,28,60,0.467,11,29,0.379,4,6,0.667,3,13,16,10,12,8,3,2,19,6,71,-28,126.2,0,0,130.0,448,472,111,488,418,419,425,187,340,362,98,454,457,381,455,457,460,439,412,403,408,74,98,454,425,320,437,261,38,434,1
201572,Brook Lopez,Brook,1610612749,MIL,31.0,81,60,21,0.741,2321.595,355,786,0.452,187,512,0.365,112,133,0.842,33,363,396,98,82,51,179,15,189,127,1009,584,2239.2,2,0,2150.0,22,1,202,38,52,96,83,222,17,17,143,133,151,89,248,51,80,209,153,149,3,246,470,145,78,6,62,159,38,60,1
1628971,Bruce Brown,Bruce,1610612765,DET,22.0,74,35,39,0.473,1449.3166666666666,125,314,0.398,24,93,0.258,45,60,0.75,48,137,185,91,46,40,36,39,178,55,319,-4,859.5,0,0,771.0,112,152,438,299,191,287,269,414,289,275,396,275,280,258,179,261,242,225,268,199,105,419,453,289,294,251,269,261,38,277,1
203998,Bruno Caboclo,Bruno,1610612763,MEM,23.0,34,14,20,0.412,799.7016666666667,96,225,0.427,48,130,0.369,42,50,0.84,42,116,158,50,38,14,33,14,81,37,282,0,649.6,3,0,632.0,372,361,195,369,307,321,316,304,220,233,128,284,304,93,201,285,276,320,299,348,119,241,232,344,309,226,312,131,38,307,1
1627854,Bryn Forbes,Bryn,1610612759,SAS,25.0,82,48,34,0.585,2292.6,361,791,0.456,176,413,0.426,69,78,0.885,18,221,239,175,80,45,4,36,159,80,967,-8,1583.3,1,0,1655.0,1,38,382,175,57,91,82,212,20,39,37,211,237,36,330,142,190,118,159,170,388,403,413,227,85,259,143,189,38,121,1
1627741,Buddy Hield,Buddy,1610612758,SAC,26.0,82,39,43,0.476,2614.858333333333,623,1360,0.458,278,651,0.427,171,193,0.886,106,306,412,205,146,58,33,54,202,144,1695,0,2623.9,3,0,2772.0,1,118,474,293,18,17,11,211,4,5,35,74,95,34,62,79,72,97,54,115,119,477,490,131,16,226,37,131,38,27,1
203710,C.J. Williams,C.J.,1610612750,MIN,29.0,15,4,11,0.267,128.16666666666666,17,35,0.486,5,16,0.313,0,1,0.0,1,7,8,12,5,6,0,1,16,3,39,-49,79.6,0,0,76.0,441,459,111,459,448,442,453,142,387,395,329,497,498,497,482,473,478,431,452,416,473,39,91,473,451,353,455,261,38,456,1
203468,CJ McCollum,CJ,1610612757,POR,27.0,70,43,27,0.614,2375.2566666666667,571,1243,0.459,167,445,0.375,159,192,0.828,62,220,282,207,106,55,28,64,172,166,1468,349,2259.9,1,1,2290.0,148,88,271,139,46,24,22,207,26,27,109,83,96,114,135,144,145,94,102,127,149,495,439,102,32,24,60,189,16,48,1
101139,CJ Miles,CJ,1610612763,MEM,32.0,53,33,20,0.623,856.595,112,311,0.36,67,203,0.33,48,58,0.828,13,82,95,36,30,26,15,17,79,47,339,-16,600.0,0,0,619.0,275,169,195,133,299,298,272,459,166,152,270,271,287,115,365,333,344,350,333,272,245,262,226,316,287,286,319,261,38,310,2
1628403,Caleb Swanigan,Caleb,1610612758,SAC,22.0,21,10,11,0.476,178.03333333333333,18,53,0.34,1,7,0.143,6,9,0.667,17,47,64,11,18,6,1,6,28,15,43,-61,139.3,1,0,133.0,417,400,111,290,431,438,431,474,433,433,441,444,443,381,336,387,381,434,377,416,447,136,120,412,445,383,434,189,38,432,2
1629244,Cam Reynolds,Cam,1610612750,MIN,24.0,19,6,13,0.316,259.4483333333333,33,78,0.423,21,51,0.412,8,9,0.889,4,27,31,13,5,6,2,3,26,8,95,-26,170.7,0,0,176.0,424,450,129,440,409,413,408,317,300,318,44,429,443,30,442,422,430,423,452,416,424,91,113,441,409,317,418,261,38,414,1
1626166,Cameron Payne,Cameron,1610612739,CLE,24.0,40,7,33,0.175,712.225,96,223,0.43,25,84,0.298,33,41,0.805,13,59,72,106,45,28,9,6,64,42,250,-224,561.4,0,0,527.0,352,433,372,508,328,321,317,292,286,283,350,316,335,161,365,364,368,201,273,261,310,136,196,328,319,495,326,261,38,328,2
1627747,Caris LeVert,Caris,1610612751,BKN,24.0,40,19,21,0.475,1062.8866666666668,207,483,0.429,48,154,0.312,85,123,0.691,35,116,151,156,69,42,14,28,77,111,547,-12,1061.2,0,0,1014.0,352,307,202,296,268,193,188,299,220,207,332,183,165,360,232,285,283,133,188,189,253,349,222,172,195,277,222,261,38,229,1
2546,Carmelo Anthony,Carmelo,1610612745,HOU,35.0,10,4,6,0.4,294.14166666666665,49,121,0.405,21,64,0.328,15,22,0.682,9,45,54,5,8,4,7,4,32,21,134,-63,231.3,0,0,236.0,463,459,76,377,404,388,382,388,300,301,278,392,390,373,394,393,396,463,434,440,339,109,131,389,387,385,405,261,38,400,1
1626224,Cedi Osman,Cedi,1610612739,CLE,24.0,76,17,59,0.224,2443.911666666667,360,844,0.427,130,374,0.348,141,181,0.779,45,312,357,195,114,60,11,49,195,170,991,-641,1810.9,3,0,1815.0,88,328,523,483,40,93,68,306,62,56,207,100,106,217,190,74,95,104,91,105,290,459,478,97,81,529,105,131,38,95,1
1628990,Chandler Hutchison,Chandler,1610612741,CHI,23.0,44,10,34,0.227,894.615,96,209,0.459,14,50,0.28,23,38,0.605,31,154,185,34,25,23,6,11,59,46,229,-115,564.0,1,0,520.0,326,400,382,481,292,321,329,208,324,320,377,357,346,435,264,237,242,355,347,289,358,208,188,318,333,441,325,189,38,332,1
202718,Chandler Parsons,Chandler,1610612763,MEM,30.0,25,11,14,0.44,495.77,68,182,0.374,29,94,0.309,22,25,0.88,4,66,70,43,32,19,5,7,45,27,187,-46,375.5,0,0,377.0,403,394,136,345,364,356,339,452,275,273,338,363,382,41,442,354,372,333,325,318,369,156,154,375,356,350,370,261,38,360,1
101112,Channing Frye,Channing,1610612739,CLE,36.0,36,7,29,0.194,340.995,43,117,0.368,32,79,0.405,11,14,0.786,4,48,52,20,13,6,5,3,44,16,129,-146,241.4,0,0,255.0,364,433,312,503,393,398,385,456,268,285,51,413,417,198,442,386,400,396,405,416,369,91,153,410,392,457,401,261,38,397,1
1626184,Chasson Randle,Chasson,1610612764,WAS,26.0,49,19,30,0.388,742.91,91,217,0.419,46,115,0.4,43,62,0.694,10,46,56,97,43,25,3,16,91,56,271,-110,524.7,0,0,526.0,300,307,324,396,322,329,322,331,228,250,61,280,273,358,389,392,393,210,280,280,408,257,254,288,315,434,331,261,38,329,1
1627767,Cheick Diallo,Cheick,1610612740,NOP,22.0,64,27,37,0.422,895.645,168,271,0.62,1,4,0.25,50,67,0.746,75,257,332,33,49,29,33,20,113,62,387,-88,971.9,10,0,877.0,201,229,416,359,291,249,291,21,433,450,402,259,263,273,103,111,107,357,255,255,119,296,314,270,276,413,245,70,38,263,1
1629002,Chimezie Metu,Chimezie,1610612759,SAS,22.0,29,14,15,0.483,145.44,19,58,0.328,0,2,0.0,13,17,0.765,9,27,36,13,15,6,2,3,14,11,51,-1,122.7,0,0,116.0,390,361,145,282,444,436,428,488,454,465,454,403,407,237,394,422,421,423,395,416,424,91,87,427,437,234,439,261,38,438,1
1628449,Chris Boucher,Chris,1610612761,TOR,26.0,28,21,7,0.75,163.16166666666666,34,76,0.447,12,37,0.324,13,15,0.867,16,40,56,2,7,6,24,7,31,15,93,-13,246.2,1,0,223.0,393,284,85,29,437,410,410,236,335,347,291,403,412,53,343,401,393,490,442,416,175,156,129,412,411,281,399,189,38,405,1
1629185,Chris Chiozza,Chris,1610612745,HOU,23.0,7,6,1,0.857,32.53333333333333,2,8,0.25,2,5,0.4,0,0,0.0,1,3,4,4,1,1,1,1,2,1,6,-12,21.8,0,0,20.0,477,450,9,13,495,507,500,508,417,443,61,497,504,497,482,496,495,473,485,471,447,39,27,494,504,277,501,261,38,500,1
101108,Chris Paul,Chris,1610612745,HOU,34.0,58,39,19,0.672,1856.775,302,720,0.419,127,355,0.358,175,203,0.862,36,229,265,473,152,114,18,15,146,184,906,300,2177.5,18,1,2035.0,248,118,183,76,130,118,102,330,64,65,170,73,85,62,229,133,156,13,49,15,222,246,390,85,103,33,68,38,16,77,1
1626174,Christian Wood,Christian,1610612740,NOP,23.0,21,13,8,0.619,250.305,61,117,0.521,9,26,0.346,41,56,0.732,17,66,83,8,17,7,10,5,17,36,172,-53,317.6,2,0,306.0,417,374,93,135,413,368,385,83,359,372,213,288,291,291,336,354,355,446,384,407,298,126,95,348,364,367,382,159,38,382,2
203991,Clint Capela,Clint,1610612745,HOU,25.0,67,44,23,0.657,2248.7283333333335,474,732,0.648,0,0,0.0,166,261,0.636,298,550,848,96,94,44,102,62,168,224,1114,232,2619.6,45,0,2350.0,179,77,230,94,63,50,98,13,454,495,454,76,50,414,4,12,9,212,131,174,18,491,432,57,66,45,38,9,38,47,1
203469,Cody Zeller,Cody,1610612766,CHA,26.0,49,22,27,0.449,1242.9633333333334,190,345,0.551,6,22,0.273,111,141,0.787,110,223,333,102,62,38,41,42,164,152,497,42,1224.6,4,0,1096.0,300,276,271,327,232,217,263,57,378,383,385,135,139,195,57,139,105,204,214,208,84,435,420,123,221,141,196,111,38,208,1
1629012,Collin Sexton,Collin,1610612739,CLE,20.0,82,19,63,0.232,2605.0233333333335,519,1206,0.43,119,296,0.402,214,255,0.839,57,179,236,243,185,44,6,101,186,257,1371,-672,1983.7,2,0,2069.0,1,307,528,476,21,37,25,293,76,95,57,44,53,94,150,198,197,76,27,174,358,528,465,41,39,530,84,159,38,73,1
201147,Corey Brewer,Corey,1610612758,SAC,33.0,31,13,18,0.419,491.5683333333333,53,123,0.431,14,44,0.318,31,43,0.721,26,50,76,39,19,32,7,10,63,33,151,1,398.7,0,0,358.0,383,374,168,361,365,381,379,289,324,328,313,326,329,312,290,381,361,341,372,237,339,201,193,357,376,220,362,261,38,366,2
202709,Cory Joseph,Cory,1610612754,IND,27.0,82,48,34,0.585,2063.4816666666666,226,548,0.412,55,171,0.322,30,43,0.698,39,240,279,321,80,94,22,22,131,92,537,211,1621.3,1,0,1424.0,1,38,382,175,92,180,159,361,193,190,301,330,329,352,217,126,147,41,159,31,191,315,355,205,201,51,135,189,38,153,1
201584,Courtney Lee,Courtney,1610612742,DAL,33.0,34,6,28,0.176,428.23,53,129,0.411,16,55,0.291,14,21,0.667,9,45,54,37,14,21,3,5,32,21,136,-56,314.3,0,0,291.0,372,450,292,507,374,381,374,369,316,314,362,398,396,381,394,393,396,344,398,299,408,126,131,389,384,375,383,261,38,388,2
1626245,Cristiano Felicio,Cristiano,1610612741,CHI,26.0,60,16,44,0.267,746.3966666666666,95,179,0.531,0,4,0.0,50,73,0.685,79,139,218,37,33,11,7,24,69,67,240,-130,578.1,0,0,531.0,232,341,485,459,321,324,342,76,454,450,454,259,247,366,95,256,213,344,318,378,339,324,208,259,325,452,323,261,38,327,1
1626156,D'Angelo Russell,D'Angelo,1610612751,BKN,23.0,81,42,39,0.519,2447.955,659,1517,0.434,234,635,0.369,160,205,0.78,53,262,315,563,253,100,20,44,141,188,1712,22,3041.5,14,0,3064.0,22,95,438,237,38,12,7,277,9,7,131,82,84,214,168,106,122,8,7,25,206,445,377,82,14,167,20,50,38,16,1
201571,D.J. Augustin,D.J.,1610612753,ORL,31.0,81,42,39,0.519,2268.9616666666666,318,677,0.47,131,311,0.421,181,209,0.866,41,162,203,426,128,52,4,42,115,203,948,169,1870.6,4,0,1820.0,22,95,438,237,61,110,116,177,61,89,40,66,82,56,204,226,223,25,69,143,388,435,322,72,91,62,97,111,38,93,1
1628391,D.J. Wilson,D.J.,1610612749,MIL,23.0,48,37,11,0.771,882.0383333333333,104,251,0.414,46,127,0.362,26,47,0.553,45,177,222,52,32,18,20,11,85,42,280,81,706.4,2,0,676.0,305,139,111,23,293,308,306,351,228,240,158,346,314,464,190,201,205,313,325,321,206,208,243,328,311,106,298,159,38,302,1
203474,DJ Stephens,DJ,1610612763,MEM,28.0,1,0,1,0.0,6.733333333333333,1,2,0.5,0,0,0.0,0,0,0.0,0,0,0,0,1,1,0,1,0,0,2,-3,4.0,0,0,4.0,518,519,9,519,516,511,519,107,454,495,454,497,504,497,505,520,521,510,485,471,473,39,1,513,514,246,519,261,38,518,1
1629541,Dairis Bertans,Dairis,1610612740,NOP,29.0,12,3,9,0.25,167.04333333333332,12,47,0.255,10,34,0.294,0,0,0.0,2,7,9,10,2,1,0,2,7,7,34,-50,60.8,0,0,65.0,454,472,96,465,436,457,441,507,346,352,358,497,504,497,469,473,476,439,475,471,473,74,56,446,459,358,466,261,38,460,1
1627745,Damian Jones,Damian,1610612744,GSW,24.0,24,15,9,0.625,409.61833333333334,53,74,0.716,0,0,0.0,24,37,0.649,31,44,75,28,16,12,25,11,63,36,130,16,357.0,0,0,307.0,407,352,96,126,380,381,411,3,454,495,454,353,347,399,264,395,363,366,387,369,166,208,193,348,391,177,375,261,38,380,1
203081,Damian Lillard,Damian,1610612757,POR,28.0,80,51,29,0.638,2837.7566666666667,681,1533,0.444,237,643,0.369,468,513,0.912,68,303,371,551,212,88,34,90,148,394,2067,494,3492.7,13,0,3470.0,42,21,312,113,6,9,5,251,8,6,130,4,7,21,117,83,87,9,18,40,110,520,395,12,5,11,11,58,38,8,1
1627814,Damion Lee,Damion,1610612744,GSW,26.0,32,18,14,0.563,375.18833333333333,56,127,0.441,27,68,0.397,19,22,0.864,8,56,64,13,11,13,0,8,28,26,158,-54,282.3,0,0,288.0,379,321,136,199,387,375,376,258,283,298,70,373,390,60,405,367,381,423,416,361,473,172,120,377,369,369,394,261,38,389,1
1628422,Damyean Dotson,Damyean,1610612752,NYK,25.0,73,12,61,0.164,2003.805,290,698,0.415,126,342,0.368,73,98,0.745,34,228,262,135,71,58,10,16,135,86,779,-327,1428.9,1,0,1438.0,124,387,527,511,103,129,108,347,65,72,132,201,199,276,240,134,166,150,182,115,298,257,364,216,129,516,158,189,38,152,1
1627772,Daniel Hamilton,Daniel,1610612737,ATL,23.0,19,7,12,0.368,204.17166666666665,23,60,0.383,8,23,0.348,3,6,0.5,10,37,47,22,16,6,1,5,19,11,57,-26,151.4,0,0,148.0,424,433,125,404,423,428,425,438,368,380,205,467,457,471,389,406,408,389,387,416,447,126,98,427,432,317,428,261,38,428,1
1628464,Daniel Theis,Daniel,1610612738,BOS,27.0,66,38,28,0.576,907.58,146,266,0.549,26,67,0.388,56,76,0.737,87,138,225,68,33,21,42,15,161,72,374,131,902.0,1,0,819.0,190,132,292,189,289,273,293,60,284,299,88,242,240,284,81,259,204,280,318,299,80,246,417,246,279,78,264,189,38,271,1
201568,Danilo Gallinari,Danilo,1610612746,LAC,30.0,68,40,28,0.588,2059.2116666666666,409,884,0.463,161,372,0.433,367,406,0.904,54,363,417,178,99,49,23,41,129,334,1346,105,2230.4,7,0,2246.0,165,113,292,169,93,70,63,199,33,57,29,12,27,22,162,51,69,116,116,153,182,430,349,27,45,95,65,87,38,52,1
201980,Danny Green,Danny,1610612761,TOR,32.0,80,56,24,0.7,2215.465,293,630,0.465,198,435,0.455,37,44,0.841,60,257,317,126,75,73,53,17,171,66,821,638,1693.4,1,0,1714.0,42,4,245,58,66,127,131,190,13,31,20,302,326,90,139,111,119,165,168,62,56,262,437,263,122,4,125,189,38,111,1
201967,Dante Cunningham,Dante,1610612759,SAS,32.0,64,36,28,0.563,928.46,75,158,0.475,30,65,0.462,14,18,0.778,48,140,188,50,22,27,13,8,71,17,194,-172,592.6,0,0,542.0,201,146,292,199,288,345,355,168,273,300,17,398,403,218,179,254,239,320,361,267,260,172,210,404,350,473,321,261,38,325,1
203957,Dante Exum,Dante,1610612762,UTA,23.0,42,21,21,0.5,664.0483333333333,101,241,0.419,18,62,0.29,68,86,0.791,16,52,68,110,52,14,5,19,69,75,288,48,539.6,1,0,522.0,341,284,202,251,336,309,312,336,309,303,363,212,220,190,343,375,375,195,240,348,369,283,208,239,304,135,328,189,38,331,1
1627863,Danuel House Jr.,Danuel,1610612745,HOU,26.0,39,27,12,0.692,978.665,118,252,0.468,74,178,0.416,56,71,0.789,25,115,140,40,35,21,11,6,80,41,366,169,655.0,0,0,684.0,354,229,125,65,281,290,305,181,150,184,41,242,254,192,294,287,294,337,309,299,290,136,228,334,283,62,311,261,38,298,1
203967,Dario Saric,Dario,1610612750,MIN,25.0,81,39,42,0.481,2022.4116666666666,304,696,0.437,118,323,0.365,132,150,0.88,126,331,457,127,97,45,9,40,182,157,858,-67,1661.9,3,0,1668.0,22,118,465,283,101,114,110,272,79,81,142,113,132,41,45,62,59,162,122,170,310,424,459,113,113,390,130,131,38,117,2
203121,Darius Miller,Darius,1610612740,NOP,29.0,69,31,38,0.449,1757.505,189,484,0.39,133,364,0.365,56,71,0.789,14,114,128,146,59,40,23,15,165,60,567,17,1069.6,0,0,1100.0,157,187,426,326,145,218,186,426,60,61,141,242,254,192,360,290,306,141,220,199,182,246,422,275,191,175,220,261,38,206,1
201954,Darren Collison,Darren,1610612754,IND,31.0,76,45,31,0.592,2143.1783333333333,308,659,0.467,79,194,0.407,158,190,0.832,36,196,232,459,125,110,9,33,138,156,853,118,2051.9,6,0,1861.0,88,70,335,166,83,113,122,182,135,169,49,84,98,108,229,177,202,16,73,17,310,387,370,116,116,86,80,95,38,85,1
1629133,Daryl Macon,Daryl,1610612742,DAL,23.0,8,4,4,0.5,89.84666666666666,10,27,0.37,5,11,0.455,4,7,0.571,2,10,12,7,6,1,0,4,8,4,29,-6,50.9,0,0,55.0,473,459,59,251,467,465,465,454,387,416,21,454,451,456,469,466,469,452,445,471,473,109,62,464,464,255,471,261,38,467,1
1628021,David Nwaba,David,1610612739,CLE,26.0,51,14,37,0.275,984.23,126,262,0.481,24,75,0.32,58,85,0.682,41,122,163,54,29,36,17,28,106,69,334,-77,740.6,0,0,681.0,284,361,416,455,278,286,296,154,289,293,305,230,223,372,204,276,271,307,338,217,230,349,293,252,290,402,292,261,38,301,1
202722,Davis Bertans,Davis,1610612759,SAS,26.0,76,44,32,0.579,1631.7083333333333,204,453,0.45,145,338,0.429,53,60,0.883,23,241,264,100,43,35,33,8,133,68,606,257,1233.8,0,0,1251.0,88,77,352,186,166,199,205,224,48,73,31,253,280,38,305,125,162,206,280,224,119,172,360,254,180,38,195,261,38,175,1
1628432,Davon Reed,Davon,1610612754,IND,24.0,10,4,6,0.4,46.916666666666664,5,12,0.417,2,4,0.5,0,0,0.0,2,4,6,3,1,1,0,0,3,1,12,19,25.7,0,0,25.0,463,459,76,377,485,487,492,345,417,450,7,497,504,497,469,489,485,482,485,471,473,1,34,494,491,171,496,261,38,494,1
1628368,De'Aaron Fox,De'Aaron,1610612758,SAC,21.0,81,39,42,0.481,2545.8433333333332,505,1102,0.458,86,232,0.371,303,417,0.727,43,261,304,590,227,133,45,80,204,375,1399,68,2955.8,16,1,2735.0,22,118,465,283,28,43,38,210,120,128,123,26,22,305,196,108,133,4,12,6,74,517,492,17,37,115,22,45,16,29,1
1629001,De'Anthony Melton,De'Anthony,1610612756,PHX,21.0,50,13,37,0.26,983.89,100,256,0.391,29,95,0.305,21,28,0.75,25,109,134,159,75,68,23,11,113,49,250,-168,847.3,0,0,754.0,294,374,416,462,279,311,303,424,275,271,344,367,373,258,294,295,300,130,168,83,182,208,314,309,319,471,270,261,38,282,1
201599,DeAndre Jordan,DeAndre,1610612752,NYK,30.0,69,25,44,0.362,2047.1833333333334,286,446,0.641,0,0,0.0,186,264,0.705,225,677,902,156,153,42,73,31,167,249,758,-214,2266.4,42,0,2046.0,157,251,485,407,96,131,208,15,454,495,454,61,48,341,11,8,5,133,48,189,32,369,428,44,134,492,57,10,38,75,2
1627761,DeAndre' Bembry,DeAndre',1610612737,ATL,24.0,82,29,53,0.354,1931.28,275,616,0.446,50,173,0.289,87,136,0.64,54,304,358,202,142,105,41,45,190,133,687,-229,1715.6,3,0,1589.0,1,209,516,416,116,140,134,241,213,189,367,177,145,408,162,81,94,101,56,22,84,447,472,138,160,497,121,131,38,133,1
201942,DeMar DeRozan,DeMar,1610612759,SAS,29.0,77,44,33,0.571,2688.1566666666668,631,1313,0.481,7,45,0.156,366,441,0.83,54,408,462,475,199,86,36,98,177,380,1635,10,3068.9,12,1,2823.0,74,77,372,192,10,15,17,155,375,326,440,13,17,111,162,38,54,12,23,45,105,524,451,16,21,194,19,60,16,26,1
202326,DeMarcus Cousins,DeMarcus,1610612744,GSW,28.0,30,23,7,0.767,770.5783333333334,178,371,0.48,26,95,0.274,106,144,0.736,43,204,247,107,72,40,44,32,109,173,488,65,1124.9,10,0,1036.0,385,272,85,25,314,240,248,156,284,271,384,142,135,286,196,163,176,200,178,199,77,379,299,93,227,118,210,70,38,220,1
201960,DeMarre Carroll,DeMarre,1610612751,BKN,32.0,67,36,31,0.537,1703.4583333333333,227,575,0.395,106,310,0.342,184,242,0.76,68,281,349,85,73,31,10,33,114,162,744,49,1340.3,3,0,1366.0,179,146,335,221,153,178,148,418,97,91,224,64,64,247,117,91,98,241,175,244,298,387,318,106,138,133,168,131,38,161,1
1629152,DeVaughn Akoon-Purcell,DeVaughn,1610612743,DEN,26.0,7,7,0,1.0,21.64666666666667,3,10,0.3,0,4,0.0,1,2,0.5,1,3,4,6,2,2,0,1,4,1,7,1,24.8,0,0,21.0,477,433,1,1,502,499,494,499,454,450,454,484,481,471,482,496,495,458,475,458,473,39,41,494,502,220,497,261,38,498,1
1629028,Deandre Ayton,Deandre,1610612756,PHX,20.0,71,17,54,0.239,2182.6883333333335,509,870,0.585,0,4,0.0,141,189,0.746,223,506,729,125,126,61,67,43,209,198,1159,-383,2479.3,39,0,2269.0,144,328,518,472,73,40,65,41,454,450,454,100,99,274,13,16,15,167,71,102,37,440,499,76,63,523,45,12,38,50,1
1626153,Delon Wright,Delon,1610612763,MEM,27.0,75,45,30,0.6,1698.4366666666667,242,558,0.434,50,168,0.298,119,150,0.793,68,198,266,248,77,88,30,40,103,137,653,3,1621.2,4,3,1453.0,98,70,324,154,154,163,156,280,213,195,350,125,132,186,117,172,155,70,163,40,138,424,284,136,168,212,136,111,9,148,2
1627743,Demetrius Jackson,Demetrius,1610612755,PHI,24.0,6,5,1,0.833,39.45166666666667,8,15,0.533,2,6,0.333,4,4,1.0,2,1,3,5,1,2,0,1,4,4,22,-11,38.1,0,0,36.0,481,456,9,15,490,473,487,71,417,436,248,454,467,1,469,508,500,463,485,458,473,39,41,464,474,272,484,261,38,484,1
1629061,Deng Adel,Deng,1610612739,CLE,22.0,19,4,15,0.211,194.17,11,36,0.306,6,23,0.261,4,4,1.0,3,16,19,5,6,1,4,1,13,7,32,-31,71.3,0,0,72.0,424,459,145,490,426,461,451,494,378,380,393,454,467,1,455,444,451,463,445,471,388,39,85,446,460,323,458,261,38,457,1
203471,Dennis Schröder,Dennis,1610612760,OKC,25.0,79,47,32,0.595,2313.7516666666666,457,1104,0.414,124,364,0.341,186,227,0.819,38,246,284,323,172,65,12,78,189,219,1224,167,2108.3,3,0,2109.0,56,51,352,161,54,57,37,353,68,61,227,61,72,130,221,123,144,39,34,96,277,516,470,62,56,64,73,131,38,69,1
1628372,Dennis Smith Jr.,Dennis,1610612752,NYK,21.0,53,21,32,0.396,1508.475,278,650,0.428,67,208,0.322,99,156,0.635,32,123,155,252,154,67,20,53,129,118,722,-152,1393.0,2,1,1370.0,275,284,352,383,181,138,125,303,166,147,300,153,125,416,259,274,281,68,45,87,206,475,349,160,144,462,160,159,16,159,2
1629126,Deonte Burton,Deonte,1610612760,OKC,25.0,32,21,11,0.656,239.88166666666666,33,82,0.402,8,27,0.296,8,12,0.667,4,24,28,9,9,6,8,7,31,18,82,27,162.1,0,0,155.0,379,284,111,95,414,413,405,395,368,369,355,429,424,381,442,431,435,444,429,416,319,156,129,399,414,162,421,261,38,421,1
202324,Derrick Favors,Derrick,1610612762,UTA,27.0,76,46,30,0.605,1766.4716666666666,363,619,0.586,17,78,0.218,154,228,0.675,207,353,560,89,84,56,106,41,163,176,897,186,2104.5,15,0,1887.0,88,61,324,148,142,88,133,39,312,288,417,89,69,376,16,56,35,230,150,125,15,430,418,91,104,55,74,48,38,84,1
1627884,Derrick Jones Jr.,Derrick,1610612748,MIA,22.0,60,31,29,0.517,1153.5366666666666,160,324,0.494,28,91,0.308,74,122,0.607,96,144,240,37,43,46,42,26,123,101,422,-22,986.5,0,0,903.0,232,187,312,243,250,262,268,124,280,277,339,200,172,434,72,250,188,344,280,162,80,339,335,189,261,301,242,261,38,257,1
201565,Derrick Rose,Derrick,1610612750,MIN,30.0,51,24,27,0.471,1392.1616666666666,363,753,0.482,54,146,0.37,137,160,0.856,33,107,140,220,82,31,12,52,57,121,917,36,1462.0,1,0,1417.0,284,262,271,302,202,88,87,151,198,216,126,105,120,67,248,301,294,87,153,244,277,471,184,154,99,149,154,189,38,154,1
1628401,Derrick White,Derrick,1610612759,SAS,24.0,67,41,26,0.612,1727.9733333333334,260,543,0.479,48,142,0.338,95,123,0.772,35,212,247,263,97,67,47,33,145,138,663,152,1598.9,0,0,1449.0,179,103,262,140,149,149,161,158,220,221,237,160,165,225,232,153,176,63,122,87,70,387,387,134,166,69,140,261,38,150,1
1626164,Devin Booker,Devin,1610612756,PHX,22.0,64,15,49,0.234,2242.1183333333333,586,1255,0.467,135,414,0.326,393,454,0.866,39,226,265,433,264,56,13,76,200,391,1700,-331,2610.5,12,0,2671.0,201,352,506,474,64,22,19,186,57,37,283,9,12,57,217,136,156,22,6,125,260,512,484,13,15,517,39,60,38,32,1
2734,Devin Harris,Devin,1610612742,DAL,36.0,68,28,40,0.412,1070.59,132,347,0.38,62,200,0.31,102,134,0.761,12,100,112,122,56,35,16,19,133,126,428,-94,842.4,0,0,826.0,165,219,454,369,265,284,261,443,180,159,337,148,149,244,372,308,324,172,232,224,238,283,360,146,255,420,273,261,38,269,1
1628421,Devin Robinson,Devin,1610612764,WAS,24.0,7,1,6,0.143,94.51666666666667,19,32,0.594,0,2,0.0,9,14,0.643,6,14,20,6,2,4,6,0,11,12,47,-9,108.0,0,0,93.0,477,499,76,515,463,436,461,32,454,465,454,418,417,404,420,454,447,458,475,440,358,1,79,423,441,264,442,261,38,447,1
1628984,Devonte' Graham,Devonte',1610612766,CHA,24.0,46,18,28,0.391,676.095,74,216,0.343,34,121,0.281,35,46,0.761,10,53,63,121,30,23,2,12,48,50,217,-100,519.1,0,0,485.0,316,321,292,387,334,348,324,471,257,245,376,312,318,245,389,373,383,174,333,289,424,218,164,306,340,427,332,261,38,334,1
203473,Dewayne Dedmon,Dewayne,1610612737,ATL,29.0,64,24,40,0.375,1609.2066666666667,259,526,0.492,83,217,0.382,92,113,0.814,105,375,480,90,84,69,71,25,214,100,693,-173,1740.0,11,0,1626.0,201,262,454,401,168,150,170,130,128,138,96,169,180,144,64,47,47,229,150,78,33,333,505,192,159,476,117,64,38,127,1
1627738,Deyonta Davis,Deyonta,1610612737,ATL,22.0,9,3,6,0.333,118.435,15,22,0.682,0,1,0.0,6,10,0.6,10,26,36,5,3,3,5,0,12,6,36,-22,107.7,0,0,93.0,470,472,76,422,453,451,470,7,454,480,454,444,436,439,389,427,421,463,468,447,369,1,84,454,456,301,443,261,38,447,1
1628415,Dillon Brooks,Dillon,1610612763,MEM,23.0,18,9,9,0.5,329.895,49,122,0.402,15,40,0.375,22,30,0.733,9,22,31,16,19,10,4,12,50,23,135,-16,219.2,0,0,225.0,431,413,96,251,396,388,381,400,320,337,110,363,367,290,394,436,430,411,372,387,388,218,168,385,386,286,407,261,38,403,1
203079,Dion Waiters,Dion,1610612748,MIA,27.0,44,20,24,0.455,1137.9033333333334,198,478,0.414,109,289,0.377,22,44,0.5,7,109,116,121,64,29,9,22,72,46,527,-38,897.7,0,0,949.0,326,294,245,321,252,208,192,352,94,100,105,363,326,471,415,295,318,174,208,255,310,315,213,318,205,339,265,261,38,247,1
1717,Dirk Nowitzki,Dirk,1610612742,DAL,41.0,51,17,34,0.333,795.14,135,376,0.359,64,205,0.312,39,50,0.78,5,153,158,35,18,9,18,2,76,40,373,-65,678.1,1,0,684.0,284,328,382,422,308,281,245,460,177,149,331,295,304,216,433,239,276,352,377,394,222,74,221,336,281,386,308,189,38,298,1
1627734,Domantas Sabonis,Domantas,1610612754,IND,23.0,74,43,31,0.581,1838.4466666666667,413,700,0.59,9,17,0.529,208,291,0.715,186,504,690,212,160,48,30,33,239,287,1043,195,2263.0,30,0,2110.0,112,88,335,182,133,68,107,35,359,391,6,46,40,322,21,18,18,92,41,156,138,387,519,32,75,54,59,22,38,68,1
202700,Donatas Motiejunas,Donatas,1610612759,SAS,28.0,3,3,0,1.0,12.783333333333333,3,6,0.5,0,0,0.0,0,2,0.0,2,1,3,1,3,0,1,1,6,1,6,-16,11.1,0,0,12.0,501,472,1,1,512,499,507,107,454,495,454,497,481,497,469,508,500,500,468,505,447,39,53,494,504,286,508,261,38,507,1
1628378,Donovan Mitchell,Donovan,1610612762,UTA,22.0,77,49,28,0.636,2598.2716666666665,661,1530,0.432,188,519,0.362,319,396,0.806,59,257,316,322,218,106,31,96,208,295,1829,371,2884.2,1,0,2929.0,74,30,292,114,22,11,6,285,16,15,157,23,29,159,147,111,121,40,16,20,131,523,496,31,11,20,25,189,38,20,1
1628978,Donte DiVincenzo,Donte,1610612749,MIL,22.0,27,20,7,0.741,411.2866666666667,50,124,0.403,22,83,0.265,9,12,0.75,16,49,65,31,19,13,6,3,38,24,131,107,293.5,0,0,287.0,396,294,85,38,379,384,378,393,294,284,390,418,424,258,343,382,380,360,372,361,358,91,145,382,390,91,391,261,38,390,1
1629055,Donte Grantham,Donte,1610612760,OKC,24.0,3,2,1,0.667,2.4316666666666666,0,2,0.0,0,2,0.0,0,0,0.0,0,0,0,0,0,0,0,0,0,0,0,-2,0.0,0,0,0.0,501,486,9,78,525,519,519,519,454,465,454,497,504,497,505,520,521,510,507,505,473,1,1,513,521,239,527,261,38,527,1
1627827,Dorian Finney-Smith,Dorian,1610612742,DAL,26.0,81,33,48,0.407,1985.2833333333333,228,528,0.432,79,254,0.311,73,103,0.709,138,251,389,95,74,69,36,32,186,92,608,-88,1458.3,3,0,1381.0,22,169,500,372,107,175,169,287,135,119,334,201,191,335,42,120,82,217,172,78,105,379,465,205,179,413,155,131,38,157,1
203926,Doug McDermott,Doug,1610612754,IND,27.0,77,43,34,0.558,1339.665,207,422,0.491,84,206,0.408,66,79,0.835,17,92,109,67,42,18,8,24,104,51,564,132,831.3,0,0,876.0,74,88,382,204,212,193,224,132,125,148,48,216,234,101,336,320,326,282,288,321,319,324,287,299,192,76,275,261,38,264,1
1627733,Dragan Bender,Dragan,1610612756,PHX,21.0,46,9,37,0.196,826.2083333333334,88,197,0.447,22,101,0.218,32,54,0.593,34,149,183,56,37,18,22,4,90,53,230,-159,616.6,5,0,571.0,316,413,416,501,301,333,330,239,294,259,418,318,294,448,240,245,247,299,301,321,191,109,249,295,331,467,317,104,38,318,1
203110,Draymond Green,Draymond,1610612744,GSW,29.0,66,48,18,0.727,2064.693333333333,188,422,0.445,47,165,0.285,63,91,0.692,60,421,481,454,169,95,70,17,197,125,486,462,2070.2,8,0,1798.0,190,38,168,42,91,223,224,243,226,197,375,223,213,359,139,35,46,18,36,30,34,262,480,149,228,12,78,82,38,100,1
1629234,Drew Eubanks,Drew,1610612759,SAS,22.0,23,13,10,0.565,113.41,15,26,0.577,0,0,0.0,11,13,0.846,6,28,34,7,8,2,5,1,11,10,41,-21,105.3,0,0,96.0,409,374,102,198,455,451,467,44,454,495,454,413,420,79,420,421,426,452,434,458,369,39,79,432,446,298,445,261,38,444,1
1629130,Duncan Robinson,Duncan,1610612748,MIA,25.0,15,7,8,0.467,160.93666666666667,18,46,0.391,10,35,0.286,4,6,0.667,2,17,19,5,4,5,0,1,11,5,50,-33,91.3,0,0,94.0,441,433,93,305,438,438,443,422,346,349,370,454,457,381,469,442,451,463,459,433,473,39,79,459,439,326,451,261,38,446,1
1628605,Dusty Hannahs,Dusty,1610612763,MEM,25.0,2,0,2,0.0,25.916666666666668,3,12,0.25,0,5,0.0,2,2,1.0,0,1,1,5,1,1,0,1,1,1,8,-10,18.7,0,0,16.0,511,519,39,519,498,499,492,508,454,443,454,475,481,1,505,508,514,463,485,471,473,39,20,494,501,268,504,261,38,505,1
1628407,Dwayne Bacon,Dwayne,1610612766,CHA,23.0,43,20,23,0.465,758.6683333333333,122,257,0.475,38,87,0.437,34,46,0.739,8,81,89,47,18,12,5,14,72,42,316,-22,526.3,0,0,524.0,331,294,230,311,317,288,302,167,249,282,27,314,318,282,405,337,347,324,377,369,369,241,213,328,296,301,330,261,38,330,1
2730,Dwight Howard,Dwight,1610612764,WAS,33.0,9,4,5,0.444,229.53666666666666,43,69,0.623,0,0,0.0,29,48,0.604,24,59,83,4,16,7,4,8,34,48,115,-50,237.6,3,0,224.0,470,459,67,335,415,398,416,20,454,495,454,332,309,436,300,364,355,473,387,407,388,172,135,312,397,358,402,131,38,404,1
203939,Dwight Powell,Dwight,1610612742,DAL,27.0,77,31,46,0.403,1662.535,290,486,0.597,39,127,0.307,196,254,0.772,140,271,411,112,67,44,50,27,201,256,815,15,1691.2,6,0,1565.0,74,187,491,376,162,129,183,30,247,240,342,53,55,228,40,98,73,191,197,174,67,343,487,42,123,179,127,95,38,134,1
2548,Dwyane Wade,Dwyane,1610612748,MIA,37.0,72,35,37,0.486,1885.2266666666667,416,960,0.433,86,261,0.33,165,233,0.708,69,216,285,301,166,59,38,34,118,158,1083,-68,2001.5,4,1,1949.0,135,152,416,278,126,67,56,282,120,112,273,78,67,337,115,147,142,48,38,110,99,395,328,109,71,393,83,111,16,81,1
1629058,Dzanan Musa,Dzanan,1610612751,BKN,20.0,9,4,5,0.444,39.288333333333334,9,22,0.409,1,10,0.1,0,2,0.0,1,4,5,2,4,2,0,1,1,1,19,10,30.0,0,0,31.0,470,459,67,335,491,468,470,374,433,420,448,497,481,497,482,489,489,490,459,458,473,39,20,494,478,194,491,261,38,488,1
202734,E'Twaun Moore,E'Twaun,1610612740,NOP,30.0,53,21,32,0.396,1463.0133333333333,256,532,0.481,76,176,0.432,45,59,0.763,35,92,127,102,59,40,8,27,112,51,633,9,1023.4,0,0,1034.0,275,284,352,383,189,155,167,153,145,185,30,275,284,241,232,320,308,204,220,199,319,343,310,299,171,198,234,261,38,222,1
202334,Ed Davis,Ed,1610612751,BKN,30.0,81,42,39,0.519,1446.0116666666668,186,302,0.616,0,2,0.0,100,162,0.617,216,478,694,61,64,35,33,24,226,144,472,94,1536.3,6,0,1363.0,22,95,438,237,192,226,273,23,454,465,454,151,117,428,15,24,17,292,208,224,119,324,512,131,235,100,147,95,38,162,1
1628410,Edmond Sumner,Edmond,1610612754,IND,23.0,23,14,9,0.609,209.83833333333334,22,64,0.344,7,27,0.259,15,24,0.625,9,15,24,10,10,12,5,4,26,19,66,-33,150.8,0,0,141.0,409,361,96,144,422,430,420,469,375,369,395,392,385,422,394,449,442,439,424,369,369,109,113,394,427,326,429,261,38,429,1
202327,Ekpe Udoh,Ekpe,1610612762,UTA,32.0,51,35,16,0.686,320.01166666666666,50,72,0.694,0,0,0.0,19,30,0.633,27,63,90,28,13,10,31,4,36,26,119,-51,379.0,1,0,319.0,284,152,156,71,400,384,414,5,454,495,454,373,367,417,281,356,346,366,405,387,131,109,142,377,395,362,368,189,38,376,1
203901,Elfrid Payton,Elfrid,1610612740,NOP,25.0,42,18,24,0.429,1249.7733333333333,179,412,0.434,33,105,0.314,55,74,0.743,49,171,220,320,112,44,17,46,81,77,446,-69,1261.0,10,6,1141.0,341,321,245,350,229,238,230,276,263,254,325,247,243,277,176,207,210,43,98,174,230,452,232,234,251,394,189,70,7,196,1
1629059,Elie Okobo,Elie,1610612756,PHX,21.0,53,7,46,0.132,958.19,114,290,0.393,39,132,0.295,37,47,0.787,12,86,98,127,69,32,7,13,109,44,304,-212,660.1,0,0,646.0,275,433,491,516,285,294,279,420,247,230,357,302,314,195,372,328,338,162,188,237,339,230,299,324,299,491,310,261,38,304,1
1629150,Emanuel Terry,Emanuel,1610612748,MIA,22.0,3,0,3,0.0,22.731666666666666,4,7,0.571,0,0,0.0,2,4,0.5,3,4,7,2,2,3,0,1,4,3,10,4,28.4,0,0,25.0,501,519,48,519,501,490,504,46,454,495,454,475,467,471,455,489,481,490,475,447,473,39,41,473,494,206,493,261,38,494,2
1626144,Emmanuel Mudiay,Emmanuel,1610612752,NYK,23.0,59,13,46,0.22,1607.0616666666667,330,740,0.446,69,210,0.329,144,186,0.774,33,163,196,228,140,43,19,56,103,140,873,-357,1496.2,1,0,1490.0,240,374,491,485,169,104,94,242,161,146,277,97,101,223,248,224,233,86,59,181,214,482,284,133,109,521,152,189,38,144,1
202683,Enes Freedom,Enes,1610612757,POR,27.0,67,28,39,0.418,1639.3783333333333,375,683,0.549,10,34,0.294,155,197,0.787,257,402,659,116,118,32,26,58,167,198,915,-188,1935.8,32,0,1816.0,179,219,438,363,164,82,114,59,346,352,358,88,89,197,6,42,22,184,85,237,161,485,428,76,101,481,88,17,38,94,2
202339,Eric Bledsoe,Eric,1610612749,MIL,29.0,78,59,19,0.756,2271.705,470,971,0.484,124,377,0.329,177,236,0.75,82,280,362,430,165,116,29,50,156,223,1241,561,2590.4,8,1,2447.0,68,2,183,27,60,51,55,147,68,55,276,71,65,258,87,93,90,23,39,14,144,463,407,59,54,7,42,82,16,41,1
201569,Eric Gordon,Eric,1610612745,HOU,30.0,68,44,24,0.647,2158.01,384,938,0.409,216,600,0.36,119,152,0.783,17,131,148,129,90,41,27,67,143,126,1103,348,1588.1,0,0,1732.0,165,77,245,103,79,77,59,373,11,9,165,125,129,207,336,268,284,156,137,192,152,500,382,146,69,26,142,261,38,106,1
203961,Eric Moreland,Eric,1610612761,TOR,27.0,5,3,2,0.6,43.20666666666666,3,7,0.429,1,1,1.0,0,0,0.0,4,16,20,4,5,1,1,1,9,0,7,-17,38.0,0,0,36.0,488,472,39,154,487,499,504,299,433,480,1,497,504,497,442,444,447,473,452,471,447,39,69,513,502,292,485,261,38,484,2
101141,Ersan Ilyasova,Ersan,1610612749,MIL,32.0,67,49,18,0.731,1231.3133333333333,167,381,0.438,58,160,0.363,61,74,0.824,94,208,302,52,48,32,20,20,172,114,453,239,1001.4,3,0,969.0,179,30,168,41,235,251,240,267,188,200,155,226,243,120,74,159,134,313,257,237,206,296,439,165,249,43,237,131,38,242,1
203095,Evan Fournier,Evan,1610612753,ORL,26.0,81,42,39,0.519,2553.2816666666668,468,1069,0.438,153,450,0.34,137,170,0.806,38,220,258,295,154,71,12,47,225,168,1226,95,2073.1,1,0,2098.0,22,95,438,237,26,53,42,269,40,26,229,105,114,158,221,144,169,52,45,71,277,455,511,99,55,99,77,189,38,71,1
202323,Evan Turner,Evan,1610612757,POR,30.0,73,47,26,0.644,1605.7133333333334,204,443,0.46,11,52,0.212,75,106,0.708,37,291,328,283,114,33,18,27,110,106,494,30,1351.1,3,2,1218.0,124,51,262,108,170,199,211,204,340,316,420,198,186,338,224,89,111,54,91,230,222,343,303,181,223,157,166,131,10,182,1
1628402,Frank Jackson,Frank,1610612740,NOP,21.0,61,22,39,0.361,1168.8633333333332,194,447,0.434,53,169,0.314,54,73,0.74,25,109,134,69,48,25,2,23,92,65,495,-135,792.3,0,0,805.0,227,276,438,409,248,212,207,279,200,192,327,251,247,281,294,295,300,278,257,280,424,318,257,264,222,455,283,261,38,272,1
1626163,Frank Kaminsky,Frank,1610612766,CHA,26.0,47,22,25,0.468,754.69,138,298,0.463,50,139,0.36,79,107,0.738,39,124,163,63,41,12,12,12,68,80,405,42,726.1,2,0,729.0,310,276,255,304,318,276,275,196,213,224,166,191,184,283,217,273,271,289,293,369,277,218,203,227,271,141,294,159,38,289,1
1628412,Frank Mason III,Frank,1610612758,SAC,25.0,38,16,22,0.421,435.47833333333335,71,169,0.42,14,64,0.219,39,57,0.684,6,37,43,84,36,16,4,12,34,50,195,-146,396.6,0,0,376.0,358,341,217,360,373,352,348,328,324,301,416,295,289,368,420,406,413,244,303,338,388,218,135,306,349,457,364,261,38,362,1
1628373,Frank Ntilikina,Frank,1610612752,NYK,20.0,43,9,34,0.209,903.6033333333334,95,282,0.337,33,115,0.287,23,30,0.767,12,75,87,121,56,30,14,10,104,39,246,-185,607.9,0,0,575.0,331,413,382,492,290,324,283,476,263,250,369,357,367,235,372,344,349,174,232,251,253,201,287,337,323,480,318,261,38,317,1
1627832,Fred VanVleet,Fred,1610612761,TOR,25.0,64,46,18,0.719,1760.2533333333333,246,600,0.41,112,296,0.378,97,115,0.843,21,146,167,307,82,57,20,39,110,116,701,298,1510.9,1,0,1441.0,201,61,168,48,144,160,138,372,89,95,100,155,177,87,317,247,268,46,153,119,206,419,303,162,155,35,149,189,38,151,1
1627788,Furkan Korkmaz,Furkan,1610612755,PHI,21.0,48,30,18,0.625,679.2316666666667,98,245,0.4,47,144,0.326,36,44,0.818,16,91,107,52,25,29,2,9,62,42,279,61,553.4,0,0,547.0,305,201,168,126,333,317,307,403,226,219,282,308,326,133,343,323,328,313,347,255,424,188,190,328,312,124,327,261,38,323,1
202066,Garrett Temple,Garrett,1610612746,LAC,33.0,75,37,38,0.493,2040.5916666666667,208,493,0.422,90,264,0.341,80,107,0.748,28,188,216,106,70,76,30,23,204,109,586,-84,1252.2,0,0,1210.0,98,139,426,273,97,192,180,322,116,110,226,189,184,272,275,187,217,201,184,59,138,318,492,176,185,410,191,261,38,184,2
1629109,Gary Clark,Gary,1610612745,HOU,24.0,51,33,18,0.647,640.6066666666667,50,151,0.331,41,138,0.297,7,7,1.0,24,92,116,18,7,20,26,3,47,18,148,26,445.2,0,0,415.0,284,169,168,103,340,384,364,486,241,226,352,438,451,1,300,320,318,402,442,311,161,91,160,399,379,163,349,261,38,351,1
203914,Gary Harris,Gary,1610612743,DEN,24.0,57,38,19,0.667,1639.2433333333333,270,637,0.424,82,242,0.339,115,144,0.799,41,119,160,127,68,55,19,42,113,122,737,226,1273.5,0,0,1254.0,259,132,183,78,165,143,129,314,130,126,234,130,135,177,204,283,275,162,190,127,214,435,314,151,141,48,184,261,38,174,1
1627780,Gary Payton II,Gary,1610612764,WAS,26.0,3,2,1,0.667,15.916666666666666,5,8,0.625,1,2,0.5,0,0,0.0,1,1,2,4,1,3,1,0,2,0,11,11,30.4,0,0,26.0,501,486,9,78,506,487,500,17,433,465,7,497,504,497,482,508,510,473,485,447,447,1,27,513,493,191,490,261,38,493,1
1629018,Gary Trent Jr.,Gary,1610612757,POR,20.0,15,14,1,0.933,110.55,16,50,0.32,5,21,0.238,3,7,0.429,1,10,11,5,4,1,2,2,4,7,40,-8,65.7,0,0,67.0,441,361,9,9,458,445,436,490,387,384,408,467,451,490,482,466,473,463,459,471,424,74,41,446,447,259,461,261,38,459,1
201588,George Hill,George,1610612749,MIL,33.0,60,39,21,0.65,1302.305,170,376,0.452,48,153,0.314,70,85,0.824,39,109,148,135,51,52,8,19,102,89,458,144,967.1,0,0,909.0,232,118,202,101,218,247,245,220,220,208,326,208,223,122,217,295,284,150,246,143,319,283,279,210,246,71,248,261,38,254,2
1628994,George King,George,1610612756,PHX,25.0,1,0,1,0.0,5.9,0,0,0.0,0,0,0.0,0,0,0.0,0,1,1,0,0,0,0,0,0,0,0,-9,1.2,0,0,1.0,518,519,9,519,519,519,527,519,454,495,454,497,504,497,505,508,514,510,507,505,473,1,1,513,521,264,525,261,38,525,1
1627777,Georges Niang,Georges,1610612762,UTA,26.0,59,41,18,0.695,516.3483333333334,86,181,0.475,43,105,0.41,20,24,0.833,11,76,87,35,23,10,6,11,57,19,235,-93,416.9,0,0,432.0,240,103,168,63,359,334,340,165,237,254,46,369,385,103,380,342,349,352,355,387,358,208,184,394,328,419,357,261,38,347,1
101123,Gerald Green,Gerald,1610612745,HOU,33.0,73,47,26,0.644,1472.9816666666666,231,578,0.4,156,441,0.354,57,68,0.838,30,152,182,40,55,33,27,13,126,49,675,131,1078.4,0,0,1173.0,124,51,262,108,187,173,147,410,36,29,186,239,262,96,269,242,250,337,234,230,152,230,343,309,163,78,218,261,38,191,1
203507,Giannis Antetokounmpo,Giannis,1610612749,MIL,24.0,72,56,16,0.778,2358.221666666667,721,1247,0.578,52,203,0.256,500,686,0.729,159,739,898,424,268,92,110,100,232,554,1994,652,4045.6,54,5,3772.0,135,4,156,21,47,4,21,43,204,152,399,3,2,299,36,2,6,26,5,33,12,527,518,3,7,3,2,7,8,3,1
203922,Glenn Robinson III,Glenn,1610612765,DET,25.0,47,24,23,0.511,610.1116666666667,74,176,0.42,18,62,0.29,32,40,0.8,17,54,71,21,18,14,8,14,45,34,198,-11,362.7,0,0,352.0,310,262,230,248,345,348,345,327,309,303,363,318,339,167,336,371,370,393,377,348,319,241,154,353,347,272,373,261,38,369,1
201609,Goran Dragic,Goran,1610612748,MIA,33.0,36,16,20,0.444,990.5166666666667,179,433,0.413,57,164,0.348,79,101,0.782,20,91,111,174,71,30,5,25,81,76,494,42,922.2,4,1,906.0,364,341,195,335,277,238,218,355,191,198,208,191,196,211,322,323,325,119,182,251,369,333,232,236,223,141,257,111,16,256,1
202330,Gordon Hayward,Gordon,1610612738,BOS,29.0,72,44,28,0.611,1863.3383333333334,296,635,0.466,77,231,0.333,156,187,0.834,51,271,322,244,105,62,23,27,104,182,825,213,1727.4,2,0,1638.0,135,77,292,141,129,124,130,188,141,129,248,86,100,102,173,98,117,75,104,101,182,343,287,86,121,50,120,159,38,125,1
203476,Gorgui Dieng,Gorgui,1610612750,MIN,29.0,76,33,43,0.434,1031.2216666666666,189,377,0.501,19,56,0.339,88,106,0.83,81,230,311,72,57,48,41,21,134,104,485,-117,1176.2,2,0,1065.0,88,169,474,348,273,218,244,106,307,313,232,175,186,110,91,132,126,268,229,156,84,305,362,185,229,444,205,159,38,217,1
1628960,Grayson Allen,Grayson,1610612762,UTA,23.0,38,22,16,0.579,416.29333333333335,67,178,0.376,32,99,0.323,45,60,0.75,3,20,23,25,33,6,6,6,47,47,211,-116,279.1,0,0,315.0,358,276,156,186,377,358,343,446,268,263,298,275,280,258,455,439,444,375,318,416,358,136,160,316,341,442,395,261,38,377,1
202328,Greg Monroe,Greg,1610612755,PHI,29.0,43,28,15,0.651,479.9166666666667,92,189,0.487,1,5,0.2,45,72,0.625,67,105,172,24,32,14,8,19,66,52,230,-72,506.4,0,0,471.0,331,219,145,100,366,326,335,139,433,443,423,275,252,422,120,303,263,379,325,348,319,283,199,296,331,396,336,261,38,339,3
1627824,Guerschon Yabusele,Guerschon,1610612738,BOS,23.0,41,27,14,0.659,250.80333333333334,35,77,0.455,9,28,0.321,15,22,0.682,23,30,53,15,15,8,7,4,32,17,94,-18,210.1,0,0,201.0,350,229,136,91,412,409,409,215,359,365,302,392,390,373,305,419,399,413,395,403,339,109,131,404,410,294,410,261,38,410,1
1628977,Hamidou Diallo,Hamidou,1610612760,OKC,20.0,51,29,22,0.569,526.28,75,165,0.455,4,24,0.167,36,59,0.61,38,59,97,17,23,21,10,13,77,51,190,-76,401.9,0,0,370.0,284,209,217,195,356,345,350,215,396,378,439,308,284,431,221,364,341,407,355,299,298,230,222,299,352,400,361,261,38,364,1
203084,Harrison Barnes,Harrison,1610612758,SAC,27.0,77,34,43,0.442,2532.5933333333332,431,1027,0.42,174,441,0.395,229,278,0.824,57,304,361,115,98,50,13,49,122,200,1265,-54,1961.7,4,0,2041.0,74,165,474,342,32,62,48,329,21,29,77,41,43,121,150,81,92,186,119,152,260,459,333,74,50,369,86,111,38,76,2
1628385,Harry Giles III,Harry,1610612758,SAC,21.0,58,26,32,0.448,819.99,175,348,0.503,0,6,0.0,58,91,0.637,66,156,222,85,73,31,22,12,150,99,408,-106,887.9,0,0,821.0,248,244,352,329,303,242,260,105,454,436,454,230,213,410,123,234,205,241,175,244,191,218,398,193,269,432,268,261,38,270,1
202355,Hassan Whiteside,Hassan,1610612748,MIA,30.0,72,33,39,0.458,1674.2266666666667,388,680,0.571,2,16,0.125,109,243,0.449,257,560,817,56,97,46,136,50,192,226,887,19,2400.4,36,0,2126.0,135,169,438,315,159,75,115,47,417,395,445,140,63,489,6,11,10,299,122,162,7,463,473,56,107,171,50,14,38,63,1
1629312,Haywood Highsmith,Haywood,1610612755,PHI,22.0,5,2,3,0.4,39.78333333333333,4,10,0.4,1,5,0.2,0,2,0.0,0,5,5,2,1,1,0,1,1,1,9,-23,20.0,0,0,19.0,488,486,48,377,488,490,494,403,433,443,423,497,481,497,505,480,489,490,485,471,473,39,20,494,498,311,502,261,38,501,1
1627740,Henry Ellenson,Henry,1610612752,NYK,22.0,19,4,15,0.211,259.1066666666667,39,95,0.411,17,38,0.447,19,25,0.76,5,61,66,16,9,7,2,5,27,24,114,-10,235.2,0,0,231.0,424,459,145,490,410,404,401,371,312,344,24,373,382,248,433,360,378,411,429,407,424,126,116,382,399,268,403,261,38,401,2
203546,Ian Clark,Ian,1610612740,NOP,28.0,60,24,36,0.4,972.5783333333334,151,383,0.394,66,202,0.327,33,37,0.892,13,76,89,94,58,22,8,21,95,39,401,-55,680.8,0,0,710.0,232,262,406,377,282,270,239,419,173,156,281,316,347,28,365,342,347,219,225,294,319,305,265,337,272,372,307,261,38,295,1
101133,Ian Mahinmi,Ian,1610612764,WAS,32.0,34,12,22,0.353,497.76666666666665,47,104,0.452,3,16,0.188,42,61,0.689,48,80,128,25,21,25,16,9,84,58,139,-34,432.1,1,0,377.0,372,387,217,417,363,390,396,221,405,395,433,284,277,364,179,339,306,375,363,280,238,188,241,283,383,329,354,189,38,360,1
1628387,Ike Anigbogu,Ike,1610612754,IND,20.0,3,2,1,0.667,6.15,0,3,0.0,0,0,0.0,0,0,0.0,1,2,3,1,1,0,1,0,0,0,0,-2,7.1,0,0,6.0,501,486,9,78,518,519,514,519,454,495,454,497,504,497,482,501,500,500,485,505,447,1,1,513,521,239,513,261,38,513,1
202697,Iman Shumpert,Iman,1610612745,HOU,29.0,62,39,23,0.629,1480.8,167,446,0.374,95,273,0.348,36,45,0.8,27,156,183,112,50,59,24,13,127,78,465,-46,1051.6,0,0,1021.0,224,118,230,120,186,251,208,449,112,105,204,308,323,167,281,234,247,191,250,110,175,230,347,231,239,350,228,261,38,227,2
1629067,Isaac Bonga,Isaac,1610612747,LAL,19.0,22,7,15,0.318,120.025,5,33,0.152,0,8,0.0,9,15,0.6,9,16,25,15,6,9,4,5,9,10,19,13,104.5,0,0,85.0,411,433,145,437,452,487,456,518,454,428,454,418,412,439,394,444,439,413,445,394,388,126,69,432,478,185,447,261,38,451,1
1629353,Isaac Humphries,Isaac,1610612737,ATL,21.0,5,1,4,0.2,56.43333333333333,6,21,0.286,3,11,0.273,0,0,0.0,4,7,11,0,0,1,0,4,7,3,15,-22,31.2,0,0,31.0,488,499,59,496,480,483,472,503,405,416,385,497,504,497,442,473,473,510,507,471,473,109,56,473,487,301,489,261,38,488,1
1628515,Isaiah Briscoe,Isaiah,1610612753,ORL,23.0,39,17,22,0.436,559.23,55,138,0.399,11,34,0.324,15,26,0.577,5,69,74,87,31,11,2,7,66,52,136,20,363.3,0,0,334.0,354,328,217,346,351,378,370,413,340,352,294,392,380,455,433,350,364,235,329,378,424,156,199,296,384,169,372,261,38,372,1
203477,Isaiah Canaan,Isaiah,1610612749,MIL,28.0,30,10,20,0.333,627.9233333333333,64,164,0.39,34,96,0.354,19,24,0.792,6,52,58,84,35,14,2,11,52,30,181,-174,389.6,0,0,389.0,385,400,195,422,343,365,351,427,257,267,182,373,385,189,420,375,392,244,309,348,424,208,172,364,360,477,366,261,38,357,3
1628392,Isaiah Hartenstein,Isaiah,1610612745,HOU,21.0,28,15,13,0.536,221.26,20,41,0.488,2,6,0.333,11,14,0.786,21,26,47,15,13,7,12,6,56,14,53,39,175.9,0,0,155.0,393,352,129,222,417,435,445,134,417,436,248,413,417,198,317,427,408,413,405,407,277,136,181,417,436,146,416,261,38,421,1
1628439,Isaiah Hicks,Isaiah,1610612752,NYK,24.0,3,1,2,0.333,32.333333333333336,4,8,0.5,0,0,0.0,4,5,0.8,2,5,7,2,1,1,3,0,5,5,12,-2,34.4,0,0,29.0,501,499,39,422,496,490,500,107,454,495,454,454,463,167,469,480,481,490,485,471,408,1,47,459,491,239,488,261,38,491,1
202738,Isaiah Thomas,Isaiah,1610612743,DEN,30.0,12,6,6,0.5,180.78,34,99,0.343,12,43,0.279,17,27,0.63,5,8,13,23,18,5,1,8,17,23,97,-22,147.1,0,0,157.0,454,450,76,251,430,410,398,470,335,332,378,386,377,420,433,471,464,384,377,433,447,172,95,385,408,301,431,261,38,419,1
202397,Ish Smith,Ish,1610612765,DET,30.0,56,33,23,0.589,1250.99,205,489,0.419,44,135,0.326,47,62,0.758,23,122,145,203,61,28,11,21,109,68,501,83,1035.5,0,0,971.0,263,169,230,168,228,198,181,334,233,229,285,272,273,251,305,276,290,100,215,261,290,305,299,254,219,104,232,261,38,241,1
1628397,Ivan Rabb,Ivan,1610612763,MEM,22.0,49,20,29,0.408,720.6816666666666,116,212,0.547,3,15,0.2,49,69,0.71,70,136,206,54,35,17,14,7,90,85,284,-94,670.2,4,0,609.0,300,294,312,371,326,292,327,61,405,400,423,267,259,334,113,263,222,307,309,330,253,156,249,217,307,420,309,111,38,313,1
1627826,Ivica Zubac,Ivica,1610612746,LAC,22.0,59,32,27,0.542,1039.2,212,379,0.559,0,0,0.0,101,126,0.802,115,247,362,63,70,14,51,47,137,112,525,41,1178.9,8,0,1080.0,240,179,271,219,271,189,242,54,454,495,454,149,157,166,52,122,90,289,184,348,61,455,366,170,207,145,204,82,38,212,2
200826,J.J. Barea,J.J.,1610612742,DAL,35.0,38,20,18,0.526,751.8083333333333,161,385,0.418,38,128,0.297,55,78,0.705,13,82,95,211,72,22,1,13,50,83,415,58,842.5,3,0,805.0,358,294,168,232,319,261,238,340,249,237,353,247,237,340,365,333,344,93,178,294,447,230,168,218,267,126,272,131,38,272,1
1629122,J.P. Macura,J.P.,1610612766,CHA,24.0,2,1,1,0.5,16.833333333333332,3,9,0.333,0,4,0.0,0,0,0.0,0,3,3,2,0,0,0,1,0,1,6,1,12.6,0,0,11.0,511,499,9,251,505,499,498,478,454,450,454,497,504,497,505,496,500,490,507,505,473,39,1,494,504,220,507,261,38,508,1
200755,JJ Redick,JJ,1610612755,PHI,35.0,76,49,27,0.645,2379.116666666667,452,1027,0.44,240,605,0.397,228,255,0.894,20,166,186,206,101,32,17,20,129,189,1372,307,1950.2,1,0,2102.0,88,30,271,107,45,58,48,262,7,8,73,42,53,27,322,216,241,96,112,237,230,296,349,80,38,31,87,189,38,70,1
2747,JR Smith,JR,1610612739,CLE,33.0,11,1,10,0.091,222.335,27,79,0.342,12,39,0.308,8,10,0.8,0,18,18,21,11,11,3,0,19,10,74,-14,158.1,0,0,153.0,458,499,102,517,416,421,407,473,335,340,339,429,436,167,505,441,455,393,416,378,408,1,98,432,423,284,423,261,38,426,1
203960,JaKarr Sampson,JaKarr,1610612741,CHI,26.0,4,1,3,0.25,127.26666666666667,29,54,0.537,5,14,0.357,17,21,0.81,5,27,32,4,4,4,3,5,8,11,80,-7,141.4,0,0,135.0,493,499,48,465,449,417,430,67,387,405,171,386,396,149,433,422,429,473,459,440,408,126,62,427,418,257,433,261,38,431,1
203210,JaMychal Green,JaMychal,1610612746,LAC,29.0,65,31,34,0.477,1370.5833333333333,230,476,0.483,71,176,0.403,80,101,0.792,104,305,409,50,87,45,34,37,193,93,611,-214,1326.8,6,0,1299.0,196,187,382,289,205,174,194,149,158,185,53,189,196,188,66,80,77,320,144,170,110,411,475,201,178,492,174,95,38,167,2
201580,JaVale McGee,JaVale,1610612747,LAL,31.0,75,35,40,0.467,1670.6933333333334,400,641,0.624,1,12,0.083,96,152,0.632,195,371,566,52,108,47,148,21,208,158,897,-158,2131.2,14,0,1906.0,98,152,454,305,161,72,128,19,433,412,451,157,129,419,17,48,32,313,101,158,5,305,496,109,104,466,71,50,38,82,1
203953,Jabari Parker,Jabari,1610612764,WAS,24.0,64,18,46,0.281,1724.2716666666668,369,749,0.493,61,195,0.313,131,184,0.712,79,342,421,152,151,46,30,54,145,155,930,-204,1740.2,8,0,1716.0,201,321,491,451,150,85,88,129,182,167,328,115,104,329,95,59,67,137,51,162,138,477,387,118,95,488,115,82,38,109,2
1628980,Jacob Evans,Jacob,1610612744,GSW,22.0,30,21,9,0.7,203.59666666666666,18,53,0.34,4,15,0.267,0,1,0.0,6,19,25,23,11,5,3,3,28,5,40,-35,117.5,0,0,108.0,385,284,96,58,424,438,431,474,396,400,389,497,498,497,420,440,439,384,416,433,408,91,120,459,447,333,441,261,38,443,1
203109,Jae Crowder,Jae,1610612762,UTA,28.0,80,48,32,0.6,2165.7316666666666,318,797,0.399,173,522,0.331,142,197,0.721,60,324,384,133,85,64,31,27,170,170,951,227,1811.3,3,0,1831.0,42,38,352,154,76,110,79,412,24,13,266,99,89,313,139,65,84,154,147,99,131,343,434,97,89,47,104,131,38,92,1
1626143,Jahlil Okafor,Jahlil,1610612740,NOP,23.0,59,23,36,0.39,934.8483333333334,212,362,0.586,1,5,0.2,59,89,0.663,82,196,278,40,52,15,40,30,96,97,484,-118,990.6,6,0,913.0,240,272,406,391,287,189,251,40,433,443,423,229,216,393,87,177,149,337,240,345,88,363,268,196,232,445,238,95,38,252,1
1627774,Jake Layman,Jake,1610612757,POR,25.0,71,46,25,0.648,1326.9366666666667,216,424,0.509,59,181,0.326,50,71,0.704,56,161,217,53,46,31,30,17,116,83,541,71,1017.9,1,0,992.0,144,61,255,102,215,186,223,97,186,180,284,259,254,343,157,228,215,311,268,244,138,262,324,218,200,111,235,189,38,233,1
1627751,Jakob Poeltl,Jakob,1610612759,SAS,23.0,77,43,34,0.558,1272.655,187,290,0.645,0,0,0.0,49,92,0.533,178,232,410,93,48,29,68,19,124,89,423,88,1297.5,1,0,1120.0,74,88,382,204,223,224,279,14,454,495,454,267,208,467,24,131,76,220,257,255,36,283,339,210,260,102,181,189,38,202,1
1628973,Jalen Brunson,Jalen,1610612742,DAL,22.0,73,27,46,0.37,1591.2583333333334,264,565,0.467,63,181,0.348,87,120,0.725,25,144,169,230,88,37,4,43,127,158,678,-83,1260.8,3,0,1222.0,124,229,491,402,172,144,152,183,179,180,203,177,173,308,294,250,266,82,141,211,388,440,347,109,162,409,190,131,38,180,1
1627883,Jalen Jones,Jalen,1610612739,CLE,26.0,16,3,13,0.188,214.12333333333333,26,62,0.419,10,28,0.357,19,27,0.704,11,23,34,7,8,9,2,2,27,18,81,-25,157.3,0,0,154.0,438,472,129,505,419,422,424,331,346,365,171,373,377,344,380,433,426,452,434,394,424,74,116,399,415,316,424,261,38,424,1
2037,Jamal Crawford,Jamal,1610612756,PHX,39.0,64,13,51,0.203,1210.9116666666666,174,438,0.397,67,202,0.332,93,110,0.845,8,77,85,229,99,33,12,8,75,91,508,-377,989.5,0,0,979.0,201,374,510,494,239,245,216,415,166,156,264,167,182,81,405,341,352,83,116,230,277,172,219,209,217,522,239,261,38,238,1
1627750,Jamal Murray,Jamal,1610612743,DEN,22.0,75,49,26,0.653,2447.3116666666665,513,1173,0.437,152,414,0.367,189,223,0.848,65,252,317,363,158,67,27,51,153,204,1367,245,2415.9,4,0,2387.0,98,30,262,99,39,39,30,271,41,37,134,58,76,76,126,118,119,32,43,87,152,468,402,70,41,41,48,111,38,43,1
203516,James Ennis III,James,1610612755,PHI,28.0,58,35,23,0.603,1229.6383333333333,138,294,0.469,55,156,0.353,58,81,0.716,60,122,182,41,34,41,23,13,150,68,389,-8,826.9,0,0,795.0,248,152,230,150,236,276,277,178,193,205,190,230,230,320,139,276,250,336,316,192,182,230,398,254,274,259,276,261,38,275,2
201935,James Harden,James,1610612745,HOU,29.0,78,51,27,0.654,2866.725,843,1909,0.442,378,1028,0.368,754,858,0.879,66,452,518,586,387,158,58,112,244,564,2818,357,4579.6,34,7,4732.0,68,21,271,98,2,1,1,256,1,1,133,1,1,43,123,29,43,5,1,2,46,529,521,2,1,22,1,16,6,1,1
201949,James Johnson,James,1610612748,MIA,32.0,55,27,28,0.491,1163.8383333333334,164,379,0.433,50,149,0.336,50,70,0.714,22,154,176,135,74,35,27,15,114,59,428,-105,953.7,0,0,913.0,270,229,292,276,249,254,242,283,213,212,243,259,257,323,310,237,257,150,172,224,152,246,318,280,255,431,251,261,38,252,1
203263,James Nunnally,James,1610612745,HOU,28.0,15,8,7,0.533,101.49333333333334,12,34,0.353,8,25,0.32,4,4,1.0,0,5,5,7,1,1,0,1,10,3,36,-24,54.5,0,0,58.0,441,424,85,226,461,457,454,464,368,374,305,454,467,1,505,480,489,452,485,471,473,39,74,473,456,315,469,261,38,466,2
201162,Jared Dudley,Jared,1610612751,BKN,33.0,59,28,31,0.475,1219.6483333333333,101,239,0.423,53,151,0.351,32,46,0.696,34,121,155,83,43,36,16,11,131,72,287,35,710.5,0,0,682.0,240,219,335,298,237,309,313,320,200,211,194,318,318,355,240,281,281,249,280,217,238,208,355,246,305,152,297,261,38,300,1
1629123,Jared Terrell,Jared,1610612750,MIN,24.0,14,4,10,0.286,110.92166666666667,12,39,0.308,4,17,0.235,3,6,0.5,1,5,6,12,10,3,2,2,16,3,31,-27,61.2,0,0,63.0,448,459,102,449,456,457,447,493,396,391,411,467,457,471,482,480,485,431,424,447,424,74,91,473,461,319,464,261,38,463,1
1626185,Jarell Martin,Jarell,1610612753,ORL,25.0,42,20,22,0.476,327.88,43,104,0.413,20,57,0.351,9,11,0.818,11,62,73,18,11,3,8,6,51,17,115,31,251.6,0,0,248.0,341,294,217,290,397,398,396,354,304,310,195,418,429,133,380,357,365,402,416,447,319,136,171,404,397,156,398,261,38,398,1
1628991,Jaren Jackson Jr.,Jaren,1610612763,MEM,19.0,58,23,35,0.397,1514.6883333333333,298,589,0.506,51,142,0.359,151,197,0.766,73,199,272,64,98,52,82,41,220,205,798,-103,1524.4,2,0,1453.0,248,272,397,382,180,122,143,100,207,221,168,91,89,236,106,170,151,287,119,143,26,430,510,68,126,429,148,159,38,148,1
1628417,Jaron Blossomgame,Jaron,1610612739,CLE,25.0,27,4,23,0.148,439.16,47,106,0.443,10,39,0.256,10,13,0.769,26,72,98,13,11,7,8,7,20,17,114,-43,285.1,1,0,265.0,396,459,230,514,372,390,393,253,346,340,398,416,420,230,290,346,338,423,416,407,319,156,101,404,399,347,393,189,38,395,1
1629020,Jarred Vanderbilt,Jarred,1610612743,DEN,20.0,17,10,7,0.588,69.18666666666667,9,19,0.474,0,1,0.0,6,10,0.6,7,16,23,3,8,6,1,3,8,7,24,10,69.1,0,0,64.0,435,400,85,169,470,468,477,170,454,480,454,444,436,439,415,444,444,482,434,416,447,91,62,446,470,194,460,261,38,462,1
1628386,Jarrett Allen,Jarrett,1610612751,BKN,21.0,80,42,38,0.525,2095.97,335,568,0.59,6,45,0.133,197,278,0.709,191,481,672,110,103,43,120,48,184,268,873,-119,2230.4,24,0,1987.0,42,95,426,233,88,103,150,36,378,326,442,52,43,336,20,23,20,195,108,181,11,457,463,37,109,447,65,25,38,80,1
201160,Jason Smith,Jason,1610612740,NOP,33.0,20,10,10,0.5,190.51666666666668,21,59,0.356,9,26,0.346,14,16,0.875,16,36,52,14,13,3,7,2,30,13,65,-49,165.4,0,0,160.0,421,400,102,251,427,432,427,463,359,372,213,398,409,45,343,408,400,418,405,447,339,74,128,420,428,353,420,261,38,418,3
1628393,Jawun Evans,Jawun,1610612760,OKC,22.0,8,4,4,0.5,64.34833333333333,3,14,0.214,0,3,0.0,0,0,0.0,1,11,12,10,6,3,0,1,8,3,6,-51,38.4,0,0,34.0,473,459,59,251,476,499,488,515,454,458,454,497,504,497,482,461,469,439,445,447,473,39,62,473,504,362,483,261,38,487,2
1629121,Jaylen Adams,Jaylen,1610612737,ATL,23.0,34,13,21,0.382,427.5883333333333,38,110,0.345,25,74,0.338,7,9,0.778,11,49,60,65,28,14,5,7,45,13,108,-57,306.5,0,0,296.0,372,374,202,399,375,406,390,468,286,294,238,438,443,218,380,382,387,285,340,348,369,156,154,420,404,377,386,261,38,387,1
1627759,Jaylen Brown,Jaylen,1610612738,BOS,22.0,74,41,33,0.554,1913.3516666666667,368,792,0.465,95,276,0.344,133,202,0.658,65,248,313,100,99,69,32,43,186,171,964,66,1693.6,2,0,1674.0,112,103,372,208,119,86,81,194,112,103,218,112,86,395,126,121,124,206,116,78,129,440,465,96,87,117,124,159,38,115,1
1628537,Jaylen Morris,Jaylen,1610612749,MIL,23.0,4,4,0,1.0,28.513333333333332,4,10,0.4,1,3,0.333,1,2,0.5,0,5,5,4,1,2,0,1,1,1,10,12,27.0,0,0,24.0,493,459,1,1,497,490,494,403,433,458,248,484,481,471,505,480,489,473,485,458,473,39,20,494,494,188,495,261,38,496,1
1628369,Jayson Tatum,Jayson,1610612738,BOS,21.0,79,48,31,0.608,2454.6966666666667,466,1036,0.45,116,311,0.373,195,228,0.855,70,407,477,168,122,84,57,49,168,204,1243,360,2368.4,8,0,2286.0,56,38,335,146,37,54,47,227,82,89,117,54,69,68,113,40,49,122,77,46,49,459,432,70,53,21,52,82,38,49,1
201145,Jeff Green,Jeff,1610612764,WAS,32.0,77,29,48,0.377,2096.6883333333335,326,687,0.475,111,320,0.347,183,206,0.888,57,252,309,137,101,43,39,25,160,173,946,-94,1667.3,2,0,1667.0,74,209,500,400,87,105,113,169,92,83,211,65,83,33,150,118,129,148,112,181,92,333,415,93,92,420,129,159,38,118,1
201952,Jeff Teague,Jeff,1610612750,MIN,31.0,42,23,19,0.548,1264.035,176,416,0.423,35,105,0.333,123,153,0.804,16,90,106,343,97,43,18,31,90,121,510,0,1237.7,11,0,1116.0,341,272,183,211,225,241,229,317,256,254,248,122,128,163,343,325,331,36,122,181,222,369,249,154,215,226,194,64,38,203,1
1629203,Jemerrio Jones,Jemerrio,1610612747,LAL,24.0,6,3,3,0.5,143.11666666666667,12,33,0.364,2,10,0.2,1,2,0.5,16,33,49,13,5,7,5,4,10,3,27,28,136.3,1,0,115.0,481,472,48,251,445,457,456,458,417,420,423,484,481,471,343,412,404,423,452,407,369,109,74,473,466,160,435,189,38,439,1
203924,Jerami Grant,Jerami,1610612760,OKC,25.0,80,48,32,0.6,2612.26,409,823,0.497,115,293,0.392,157,221,0.71,96,321,417,79,67,61,100,63,214,212,1090,300,2124.9,4,0,2023.0,42,38,352,154,19,70,76,120,85,97,82,85,78,333,72,69,69,257,197,102,19,493,505,65,70,33,72,111,38,79,1
203087,Jeremy Lamb,Jeremy,1610612766,CHA,27.0,79,38,41,0.481,2250.09,431,979,0.44,115,330,0.348,231,260,0.888,65,369,434,172,80,88,32,45,140,210,1208,49,2266.8,7,0,2169.0,56,132,462,286,62,62,54,261,85,77,200,40,51,32,126,49,64,121,159,40,129,447,372,67,60,133,56,87,38,58,1
202391,Jeremy Lin,Jeremy,1610612761,TOR,30.0,74,31,43,0.419,1436.3133333333333,238,541,0.44,55,187,0.294,176,210,0.838,22,157,179,231,124,47,13,35,144,228,707,-184,1324.3,1,0,1292.0,112,187,474,362,195,167,163,263,193,177,358,72,81,97,310,233,254,80,74,158,260,400,386,53,152,479,175,189,38,168,2
1626170,Jerian Grant,Jerian,1610612753,ORL,26.0,60,28,32,0.467,938.7733333333333,92,220,0.418,40,110,0.364,26,40,0.65,19,79,98,156,51,44,6,8,78,62,250,-148,700.6,0,0,644.0,232,219,352,305,286,326,319,340,244,253,149,346,339,398,327,340,338,133,246,174,358,172,224,270,319,459,302,261,38,305,1
1629010,Jerome Robinson,Jerome,1610612746,LAC,22.0,33,18,15,0.545,320.52,44,110,0.4,18,57,0.316,6,9,0.667,3,38,41,19,13,11,3,9,46,12,112,-23,218.7,0,0,218.0,377,321,145,214,399,396,390,403,309,310,322,444,443,381,455,403,415,400,405,378,408,188,157,423,402,311,408,261,38,406,1
201573,Jerryd Bayless,Jerryd,1610612750,MIN,30.0,34,15,19,0.441,656.9966666666667,82,230,0.357,29,98,0.296,16,28,0.571,11,51,62,119,32,18,2,8,56,26,209,-161,489.9,2,0,459.0,372,352,183,344,337,337,315,462,275,265,356,390,373,456,380,378,385,179,325,321,424,172,181,377,342,468,340,159,38,342,1
1628975,Jevon Carter,Jevon,1610612763,MEM,23.0,39,9,30,0.231,576.5016666666667,56,185,0.303,34,102,0.333,26,32,0.813,14,52,66,69,33,26,11,6,55,28,172,-89,432.7,0,0,415.0,354,413,324,478,350,375,337,497,257,258,248,346,362,145,360,375,378,278,318,272,290,136,179,369,364,415,353,261,38,351,1
202690,Jimmer Fredette,Jimmer,1610612756,PHX,30.0,6,1,5,0.167,64.76666666666667,8,29,0.276,0,13,0.0,6,6,1.0,1,6,7,8,5,3,0,1,5,3,22,-38,46.4,0,0,43.0,481,499,67,509,474,473,463,505,454,407,454,444,457,1,482,476,481,446,452,447,473,39,47,473,474,339,477,261,38,475,1
202710,Jimmy Butler III,Jimmy,1610612755,PHI,29.0,65,38,27,0.585,2184.9766666666665,418,904,0.462,67,193,0.347,312,365,0.855,121,221,342,263,95,123,39,43,111,274,1215,160,2410.9,3,0,2211.0,196,132,271,180,72,66,61,200,166,171,209,24,31,71,48,142,100,63,129,9,92,440,307,36,58,67,49,131,38,55,2
201149,Joakim Noah,Joakim,1610612763,MEM,34.0,42,14,28,0.333,692.485,110,213,0.516,0,1,0.0,78,109,0.716,58,180,238,89,50,20,31,24,96,83,298,4,820.1,4,0,727.0,341,361,292,422,331,299,326,93,454,480,454,193,183,321,148,197,194,230,250,311,131,324,268,218,300,206,278,111,38,290,1
201975,Jodie Meeks,Jodie,1610612761,TOR,31.0,8,7,1,0.875,104.04,21,39,0.538,8,18,0.444,1,1,1.0,1,11,12,8,2,1,1,2,5,2,51,13,81.4,0,0,83.0,473,433,9,12,459,432,447,65,368,389,25,484,498,1,482,461,469,446,475,471,447,74,47,488,437,185,454,261,38,452,1
1629147,Joe Chealey,Joe,1610612766,CHA,23.0,1,0,1,0.0,7.75,1,3,0.333,0,0,0.0,0,0,0.0,0,0,0,1,0,0,0,1,1,0,2,-3,3.5,0,0,3.0,518,519,9,519,515,511,514,478,454,495,454,497,504,497,505,520,521,500,507,505,473,39,20,513,514,246,520,261,38,521,1
203925,Joe Harris,Joe,1610612751,BKN,27.0,76,41,35,0.539,2293.5216666666665,374,748,0.5,183,386,0.474,110,133,0.827,52,239,291,181,121,38,17,67,182,121,1041,-78,1705.7,0,0,1806.0,88,103,397,220,56,84,90,107,18,51,15,138,151,117,170,127,138,114,78,208,230,500,459,154,76,404,123,261,38,97,1
204060,Joe Ingles,Joe,1610612762,UTA,31.0,82,50,32,0.61,2567.5666666666666,359,802,0.448,189,483,0.391,87,123,0.707,35,295,330,469,193,98,20,31,180,172,994,428,2254.5,7,0,2218.0,1,25,352,142,25,94,78,234,14,18,83,177,165,339,232,86,109,14,25,27,206,369,455,95,80,13,61,87,38,54,1
203954,Joel Embiid,Joel,1610612755,PHI,25.0,64,43,21,0.672,2154.305,580,1199,0.484,79,263,0.3,522,649,0.804,160,711,871,234,226,46,122,76,211,493,1761,373,3435.2,58,2,3281.0,201,88,202,77,81,23,27,148,135,111,347,2,3,162,35,5,7,78,13,162,10,512,502,4,12,19,13,4,10,12,1
1628381,John Collins,John,1610612737,ATL,21.0,61,24,37,0.393,1828.4016666666666,465,831,0.56,55,158,0.348,203,266,0.763,219,376,595,121,120,22,39,65,199,230,1188,-76,2146.5,32,0,2081.0,227,262,416,386,135,55,73,52,193,203,202,50,47,239,14,46,30,174,83,294,92,497,482,52,61,400,70,17,38,72,1
203089,John Henson,John,1610612739,CLE,28.0,14,10,4,0.714,188.40833333333333,31,67,0.463,11,31,0.355,6,10,0.6,16,55,71,14,12,7,11,1,16,9,79,1,227.2,0,0,211.0,448,400,59,50,428,416,419,198,340,359,180,444,436,439,343,369,370,418,412,407,290,39,91,438,420,220,406,261,38,407,1
204066,John Holland,John,1610612739,CLE,30.0,1,0,1,0.0,0.7366666666666667,0,0,0.0,0,0,0.0,0,0,0.0,0,0,0,0,0,0,0,0,0,0,0,1,0.0,0,0,0.0,518,519,9,519,530,519,527,519,454,495,454,497,504,497,505,520,521,510,507,505,473,1,1,513,521,220,527,261,38,527,1
203098,John Jenkins,John,1610612752,NYK,28.0,26,8,18,0.308,333.105,42,105,0.4,22,58,0.379,15,18,0.833,6,31,37,22,9,0,2,4,10,16,121,-49,195.4,0,0,206.0,399,424,168,441,394,401,394,403,294,309,98,392,403,103,420,418,420,389,429,505,424,109,74,410,394,353,412,261,38,409,2
202322,John Wall,John,1610612764,WAS,28.0,32,11,21,0.344,1103.78,245,552,0.444,51,169,0.302,122,175,0.697,15,101,116,279,121,49,29,36,71,131,663,-152,1333.7,10,0,1265.0,379,394,202,421,260,161,158,252,207,192,346,123,109,353,357,307,318,58,78,153,144,403,210,140,166,462,169,70,38,171,1
1628405,Johnathan Motley,Johnathan,1610612746,LAC,24.0,22,12,10,0.545,156.01833333333335,39,73,0.534,0,3,0.0,24,40,0.6,18,33,51,11,16,5,3,4,27,24,102,-34,187.7,0,0,180.0,411,387,102,214,440,404,412,69,454,458,454,353,339,439,330,412,402,434,387,433,408,109,116,382,406,329,414,261,38,413,1
1629140,Johnathan Williams,Johnathan,1610612747,LAL,24.0,24,10,14,0.417,371.7033333333333,65,110,0.591,0,2,0.0,27,48,0.563,48,51,99,13,16,8,7,11,62,45,157,55,324.3,3,0,299.0,407,400,136,364,389,362,390,34,454,465,454,341,309,460,179,378,336,423,387,403,339,208,190,322,370,130,379,131,38,386,1
202720,Jon Leuer,Jon,1610612765,DET,30.0,41,16,25,0.39,402.36833333333334,66,113,0.584,1,11,0.091,23,31,0.742,27,70,97,14,23,12,4,7,60,34,156,-116,318.4,0,0,300.0,350,341,255,389,381,361,388,42,433,416,450,357,365,280,281,349,341,418,355,369,388,156,189,353,372,442,381,261,38,384,1
1628413,Jonah Bolden,Jonah,1610612755,PHI,23.0,44,24,20,0.545,638.6716666666666,80,162,0.494,34,96,0.354,13,27,0.481,47,118,165,40,36,17,39,6,99,21,207,-29,597.0,1,0,558.0,326,262,195,214,341,340,352,124,257,267,182,403,377,488,187,284,270,337,303,330,92,136,274,389,343,321,320,189,38,321,1
201973,Jonas Jerebko,Jonas,1610612744,GSW,32.0,73,52,21,0.712,1217.9633333333334,163,355,0.459,69,188,0.367,64,80,0.8,72,216,288,96,43,27,18,13,137,75,459,56,1040.6,1,0,1002.0,124,18,202,52,238,255,256,209,161,174,136,221,232,167,107,147,139,212,280,267,222,230,366,239,243,127,229,189,38,232,1
202685,Jonas Valančiūnas,Jonas,1610612763,MEM,27.0,49,31,18,0.633,1091.1733333333334,301,538,0.559,14,48,0.292,147,185,0.795,106,313,419,70,90,19,53,41,146,149,763,71,1496.8,16,0,1410.0,300,187,168,118,261,119,164,53,324,323,361,94,102,182,62,73,68,275,137,318,56,430,390,125,132,111,151,45,38,155,2
1628371,Jonathan Isaac,Jonathan,1610612753,ORL,21.0,75,37,38,0.493,1996.1833333333334,262,611,0.429,86,266,0.323,110,135,0.815,99,312,411,80,75,59,98,28,143,132,720,8,1729.2,3,0,1611.0,98,139,426,273,104,145,135,298,120,109,297,138,146,142,69,74,73,255,168,110,20,349,382,139,146,199,119,131,38,129,1
203613,Jonathon Simmons,Jonathon,1610612755,PHI,29.0,56,25,31,0.446,1064.265,133,350,0.38,28,104,0.269,72,97,0.742,27,99,126,128,68,29,15,37,89,104,366,-148,773.2,0,0,736.0,263,251,335,332,267,283,258,444,280,257,388,205,200,279,281,310,310,159,190,255,245,411,247,185,283,459,286,261,38,286,2
1628395,Jordan Bell,Jordan,1610612744,GSW,24.0,68,46,22,0.676,788.29,99,192,0.516,0,2,0.0,25,41,0.61,55,129,184,76,42,20,51,11,80,54,223,-100,728.8,0,0,625.0,165,61,217,75,310,312,333,94,454,465,454,350,335,432,160,269,244,261,288,311,61,208,228,292,338,427,293,261,38,308,1
203903,Jordan Clarkson,Jordan,1610612739,CLE,27.0,81,18,63,0.222,2214.48,529,1180,0.448,144,445,0.324,162,192,0.844,82,188,270,196,135,57,13,55,112,168,1364,-350,2057.0,1,0,2114.0,22,321,528,484,67,34,29,231,50,27,293,79,96,85,87,187,152,103,61,119,260,481,310,99,42,520,79,189,38,67,1
1628070,Jordan Loyd,Jordan,1610612761,TOR,25.0,12,11,1,0.917,54.833333333333336,8,18,0.444,4,8,0.5,9,11,0.818,1,8,9,6,2,0,0,1,5,8,29,-20,46.8,0,0,48.0,454,394,9,10,481,473,478,246,396,428,7,418,429,133,482,471,476,458,475,505,473,39,47,441,464,296,476,261,38,473,1
203895,Jordan McRae,Jordan,1610612764,WAS,28.0,27,9,18,0.333,332.8433333333333,61,130,0.469,10,35,0.286,28,35,0.8,6,34,40,30,15,13,7,7,26,33,160,-22,298.0,0,0,280.0,396,413,168,422,395,368,373,179,346,349,370,336,354,167,420,410,418,363,395,361,339,156,113,357,368,301,388,261,38,392,1
1626296,Jordan Sibert,Jordan,1610612737,ATL,26.0,1,1,0,1.0,4.233333333333333,1,1,1.0,1,1,1.0,0,0,0.0,0,0,0,0,0,0,0,0,0,0,3,-5,3.0,0,0,4.0,518,499,1,1,523,511,522,1,433,480,1,497,504,497,505,520,521,510,507,505,473,1,1,513,511,253,521,261,38,518,1
101181,Jose Calderon,Jose,1610612765,DET,37.0,49,22,27,0.449,631.9633333333334,45,120,0.375,14,57,0.246,9,11,0.818,11,49,60,115,35,16,3,8,64,19,113,-172,379.5,0,0,340.0,300,276,271,327,342,394,383,448,324,310,407,418,429,133,380,382,387,186,309,338,408,172,196,394,401,473,367,261,38,371,1
1628404,Josh Hart,Josh,1610612747,LAL,24.0,67,31,36,0.463,1714.815,189,464,0.407,92,274,0.336,55,80,0.688,35,213,248,93,58,64,40,31,147,87,525,0,1216.1,4,0,1166.0,179,187,406,314,152,218,198,379,115,104,240,247,232,365,232,152,175,220,225,99,88,369,394,215,207,226,197,111,38,192,1
1628367,Josh Jackson,Josh,1610612756,PHX,22.0,79,19,60,0.241,1988.1266666666668,347,841,0.413,73,225,0.324,143,213,0.671,66,281,347,183,173,74,56,71,209,178,910,-430,1817.9,2,0,1773.0,56,307,525,471,106,98,71,358,155,134,290,98,80,379,123,91,99,111,33,60,50,506,499,89,102,526,103,159,38,103,1
1629006,Josh Okogie,Josh,1610612750,MIN,20.0,74,32,42,0.432,1757.17,196,508,0.386,60,215,0.279,118,162,0.728,41,177,218,91,63,88,33,33,166,166,570,-51,1268.1,1,0,1181.0,112,179,465,349,146,209,176,435,185,142,378,127,117,300,204,201,213,225,211,40,119,387,423,102,190,362,187,189,38,190,1
1626196,Josh Richardson,Josh,1610612748,MIA,25.0,73,35,38,0.479,2539.43,423,1026,0.412,164,460,0.357,199,231,0.861,54,209,263,298,113,79,34,63,200,252,1209,68,2197.6,1,0,2160.0,124,152,426,288,31,64,51,363,28,24,173,51,68,63,162,157,164,50,97,56,110,493,484,43,59,115,67,189,38,59,1
201950,Jrue Holiday,Jrue,1610612740,NOP,29.0,67,30,37,0.448,2401.9283333333333,547,1159,0.472,118,363,0.325,208,271,0.768,75,259,334,518,210,109,54,65,148,241,1420,231,2876.8,18,0,2716.0,179,201,416,330,43,29,31,173,79,64,287,46,46,232,103,110,104,10,20,18,54,497,395,49,35,46,26,38,38,30,1
1627823,Juancho Hernangomez,Juancho,1610612743,DEN,23.0,70,44,26,0.629,1358.1566666666668,138,314,0.439,66,181,0.365,66,86,0.767,64,201,265,55,37,27,24,15,94,74,408,36,924.5,4,0,896.0,148,77,262,121,209,276,269,264,173,180,146,216,220,233,130,169,156,304,301,267,175,246,263,242,269,149,256,111,38,259,1
1627395,Julian Washburn,Julian,1610612763,MEM,27.0,18,7,11,0.389,253.88666666666666,16,48,0.333,5,24,0.208,3,4,0.75,8,33,41,14,7,13,2,1,16,5,40,-22,148.2,0,0,130.0,431,433,111,392,411,445,439,478,387,378,422,467,467,258,405,412,415,418,442,361,424,39,91,459,447,301,430,261,38,434,1
203944,Julius Randle,Julius,1610612740,NOP,24.0,73,31,42,0.425,2231.635,571,1089,0.524,67,195,0.344,356,487,0.731,162,472,634,229,208,52,45,91,246,368,1565,-12,2752.3,31,1,2689.0,124,187,465,354,65,24,40,82,166,167,220,16,9,296,33,26,24,83,21,143,74,522,523,20,25,277,30,21,16,31,1
1626147,Justin Anderson,Justin,1610612737,ATL,25.0,48,17,31,0.354,463.505,64,157,0.408,24,77,0.312,26,35,0.743,24,60,84,23,23,22,13,9,48,28,178,-79,395.3,1,0,379.0,305,328,335,415,368,365,357,376,289,290,332,346,354,278,300,361,354,384,355,294,260,188,164,369,362,405,365,189,38,359,1
203200,Justin Holiday,Justin,1610612763,MEM,30.0,82,25,57,0.305,2606.6116666666667,300,777,0.386,162,465,0.348,95,106,0.896,46,277,323,146,104,121,36,32,164,115,857,-448,1830.6,3,0,1802.0,1,251,522,443,20,120,85,434,31,23,201,160,186,25,189,95,115,141,106,11,105,379,420,164,114,527,100,131,38,99,2
1628382,Justin Jackson,Justin,1610612742,DAL,24.0,81,36,45,0.444,1613.25,217,485,0.447,87,245,0.355,62,79,0.785,44,168,212,96,29,32,14,5,99,75,583,-51,1090.4,0,0,1070.0,22,146,488,335,167,183,185,235,119,123,179,224,234,201,194,211,221,212,338,237,253,126,274,239,186,362,215,261,38,216,2
1628383,Justin Patton,Justin,1610612755,PHI,22.0,3,2,1,0.667,20.6,2,7,0.286,0,2,0.0,1,2,0.5,2,4,6,3,0,2,0,0,5,1,5,-3,22.7,0,0,18.0,501,486,9,78,503,507,504,503,454,465,454,484,481,471,469,489,485,482,507,458,473,1,47,494,508,246,499,261,38,503,1
1626159,Justise Winslow,Justise,1610612748,MIA,23.0,66,30,36,0.455,1959.505,324,749,0.433,96,256,0.375,86,137,0.628,63,292,355,282,142,72,19,43,177,128,830,119,1810.0,6,0,1745.0,190,201,406,321,112,107,88,284,109,116,110,182,143,421,133,88,96,57,56,66,214,440,451,144,119,85,106,95,38,105,1
203994,Jusuf Nurkić,Jusuf,1610612757,POR,24.0,72,45,27,0.625,1973.5533333333333,420,826,0.508,3,29,0.103,282,365,0.773,243,505,748,233,168,71,103,66,250,307,1125,428,2726.1,36,1,2457.0,135,70,271,126,108,65,75,98,405,362,447,30,31,224,9,17,13,79,37,71,16,499,524,30,65,13,31,14,16,39,1
1628443,Kadeem Allen,Kadeem,1610612752,NYK,26.0,19,3,16,0.158,415.54833333333335,65,141,0.461,17,36,0.472,42,54,0.778,8,43,51,76,26,16,4,6,46,46,189,-37,398.2,0,0,373.0,424,472,156,512,378,362,368,203,312,348,16,284,294,218,405,397,402,261,345,338,388,136,157,318,355,337,363,261,38,363,1
203564,Kalin Lucas,Kalin,1610612765,DET,30.0,1,0,1,0.0,5.583333333333333,0,1,0.0,0,1,0.0,2,2,1.0,0,3,3,1,0,0,0,0,1,1,2,-3,7.1,0,0,6.0,518,519,9,519,521,519,522,519,454,480,454,475,481,1,505,496,500,500,507,505,473,1,20,494,514,246,513,261,38,513,1
1626157,Karl-Anthony Towns,Karl-Anthony,1610612750,MIN,23.0,77,34,43,0.442,2544.66,681,1314,0.518,142,355,0.4,376,450,0.836,263,691,954,259,240,67,125,77,292,446,1880,56,3749.3,54,0,3619.0,74,165,474,342,29,9,16,89,51,65,61,11,14,100,5,7,4,65,11,87,9,514,530,6,9,127,6,7,38,5,1
202695,Kawhi Leonard,Kawhi,1610612761,TOR,28.0,60,41,19,0.683,2040.1833333333334,560,1129,0.496,112,302,0.371,364,426,0.854,78,361,439,199,121,106,24,49,87,357,1596,356,2690.3,14,0,2606.0,232,103,183,73,98,27,35,123,89,92,122,14,20,72,98,53,62,102,78,20,175,459,244,24,23,23,33,50,38,34,1
1628966,Keita Bates-Diop,Keita,1610612750,MIN,23.0,30,10,20,0.333,503.37666666666667,60,142,0.423,13,52,0.25,18,28,0.643,16,67,83,17,14,18,14,7,29,17,151,-53,358.1,0,0,328.0,385,400,195,422,360,371,367,321,333,316,402,381,373,404,343,353,355,407,398,321,253,156,123,404,376,367,374,261,38,374,1
203482,Kelly Olynyk,Kelly,1610612748,MIA,28.0,79,39,40,0.494,1812.2533333333333,261,564,0.463,113,319,0.354,152,185,0.822,72,303,375,140,114,53,37,23,183,200,787,106,1603.0,4,0,1595.0,56,118,454,270,137,148,153,197,87,84,181,90,102,126,107,83,86,145,91,140,102,318,461,74,127,94,138,111,38,131,1
1626162,Kelly Oubre Jr.,Kelly,1610612756,PHX,23.0,69,21,48,0.304,1934.7933333333333,375,842,0.445,108,338,0.32,189,244,0.775,71,254,325,84,103,84,59,72,181,223,1047,-274,1889.0,3,0,1850.0,157,284,500,444,115,82,70,244,96,73,311,58,62,222,110,115,112,244,108,46,44,507,457,59,73,506,94,131,38,89,2
202689,Kemba Walker,Kemba,1610612766,CHA,29.0,82,39,43,0.476,2862.605,731,1684,0.434,260,731,0.356,380,450,0.844,52,309,361,484,211,102,34,126,131,422,2102,36,3458.2,10,0,3479.0,1,118,474,293,3,3,2,278,5,4,177,10,14,83,170,77,92,11,19,24,110,530,355,8,3,149,12,70,38,7,1
202702,Kenneth Faried,Kenneth,1610612745,HOU,29.0,37,21,16,0.568,728.1766666666666,156,265,0.589,8,25,0.32,64,99,0.646,97,153,250,20,33,17,23,20,82,77,384,62,801.0,14,0,742.0,362,284,156,196,325,266,294,37,368,374,305,221,198,401,71,239,174,396,318,330,182,296,237,234,277,122,282,50,38,284,2
1629026,Kenrich Williams,Kenrich,1610612740,NOP,24.0,46,17,29,0.37,1079.22,107,279,0.384,52,156,0.333,13,19,0.684,55,164,219,83,36,45,19,17,95,46,279,-87,822.3,1,0,761.0,316,328,312,403,264,303,284,437,204,205,248,403,400,368,160,223,211,249,303,170,214,262,265,318,312,412,277,189,38,279,1
203145,Kent Bazemore,Kent,1610612737,ATL,29.0,67,24,43,0.358,1643.4133333333334,278,691,0.402,96,300,0.32,127,175,0.726,37,224,261,152,121,89,42,34,170,149,779,-297,1592.2,0,0,1550.0,179,262,474,412,163,138,111,397,109,93,305,120,109,306,224,138,167,137,78,38,80,395,434,125,129,510,141,261,38,136,1
203484,Kentavious Caldwell-Pope,Kentavious,1610612747,LAL,26.0,82,37,45,0.451,2035.135,325,756,0.43,151,435,0.347,137,158,0.867,48,190,238,110,65,73,13,18,137,147,938,-156,1581.6,0,0,1609.0,1,139,488,325,99,106,86,295,42,31,210,105,123,51,179,183,194,195,201,62,260,274,366,129,94,465,144,261,38,130,1
201142,Kevin Durant,Kevin,1610612744,GSW,30.0,78,54,24,0.692,2701.5316666666668,721,1383,0.521,137,388,0.353,448,506,0.885,33,464,497,457,225,58,84,38,155,381,2027,657,3509.9,16,2,3402.0,68,10,245,65,8,4,10,84,55,49,189,6,8,35,248,28,45,17,14,115,25,414,404,14,6,2,10,45,10,10,1
1628989,Kevin Huerter,Kevin,1610612737,ATL,20.0,75,27,48,0.36,2048.53,275,657,0.419,136,353,0.385,41,56,0.732,60,185,245,214,109,65,25,29,155,59,727,-119,1503.0,1,0,1502.0,98,229,500,410,95,140,123,338,56,67,92,288,291,291,139,190,183,90,100,96,166,353,404,280,143,447,150,189,38,143,1
1628995,Kevin Knox II,Kevin,1610612752,NYK,19.0,75,15,60,0.2,2157.8933333333334,338,914,0.37,125,364,0.343,162,226,0.717,61,274,335,82,114,43,24,60,175,174,963,-638,1575.0,3,0,1639.0,98,352,525,496,80,102,60,455,67,61,221,79,74,318,136,97,102,251,91,181,175,487,447,92,88,528,145,131,38,124,1
201567,Kevin Love,Kevin,1610612739,CLE,30.0,22,7,15,0.318,597.9116666666666,109,283,0.385,53,147,0.361,103,114,0.904,33,206,239,48,42,6,5,17,54,78,374,-56,723.8,12,0,736.0,411,433,145,437,347,300,281,436,200,214,162,145,178,23,248,161,190,323,288,416,369,262,177,231,279,375,295,60,38,286,1
1626172,Kevon Looney,Kevon,1610612744,GSW,23.0,80,56,24,0.7,1481.3233333333333,217,347,0.625,1,10,0.1,65,105,0.619,194,223,417,123,51,46,53,30,211,96,500,306,1430.9,1,0,1239.0,42,4,245,58,185,183,261,16,433,420,448,219,190,427,18,139,69,171,246,162,56,363,502,198,220,32,157,189,38,178,1
203920,Khem Birch,Khem,1610612753,ORL,26.0,50,26,24,0.52,642.8616666666667,91,151,0.603,0,1,0.0,58,83,0.699,79,111,190,38,20,18,29,12,72,67,240,44,646.0,1,0,562.0,294,244,245,235,339,329,364,29,454,480,454,230,229,350,95,292,238,343,369,321,144,218,213,259,325,138,313,189,38,319,1
203114,Khris Middleton,Khris,1610612749,MIL,27.0,77,56,21,0.727,2393.338333333333,506,1148,0.441,179,474,0.378,216,258,0.837,50,411,461,331,174,80,7,61,172,188,1407,552,2543.7,7,0,2552.0,74,4,202,42,44,41,32,259,19,21,103,43,52,98,174,37,55,37,32,55,339,490,439,82,36,8,44,87,38,36,1
1629017,Khyri Thomas,Khyri,1610612765,DET,23.0,26,13,13,0.5,195.46833333333333,22,69,0.319,10,35,0.286,7,11,0.636,4,16,20,8,4,7,5,4,22,6,61,-34,129.0,0,0,123.0,399,374,129,251,425,430,416,491,346,349,370,438,429,412,442,444,447,446,459,407,369,109,103,454,431,329,436,261,38,437,1
202691,Klay Thompson,Klay,1610612744,GSW,29.0,78,55,23,0.705,2652.3333333333335,655,1402,0.467,241,599,0.402,129,158,0.816,37,262,299,186,115,84,47,40,157,168,1680,349,2595.8,0,0,2668.0,68,8,230,54,13,13,9,184,6,10,55,118,123,139,224,106,136,107,90,46,70,424,411,99,17,24,41,261,38,33,1
1628424,Kobi Simmons,Kobi,1610612739,CLE,21.0,1,0,1,0.0,1.8,0,0,0.0,0,0,0.0,0,0,0.0,0,0,0,0,0,0,0,0,0,0,0,3,0.0,0,0,0.0,518,519,9,519,526,519,527,519,454,495,454,497,504,497,505,520,521,510,507,505,473,1,1,513,521,212,527,261,38,527,1
201585,Kosta Koufos,Kosta,1610612758,SAC,30.0,42,21,21,0.5,501.56166666666667,73,153,0.477,0,0,0.0,10,24,0.417,52,125,177,36,27,15,18,8,68,27,156,-32,494.4,0,0,435.0,341,284,202,251,361,351,362,159,454,495,454,416,385,491,170,272,255,350,341,345,222,172,203,375,372,324,339,261,38,346,1
1628961,Kostas Antetokounmpo,Kostas,1610612742,DAL,21.0,2,1,1,0.5,10.566666666666666,0,3,0.0,0,0,0.0,2,4,0.5,0,1,1,0,1,2,0,1,0,2,2,3,8.2,0,0,7.0,511,499,9,251,513,519,514,519,454,495,454,475,467,471,505,508,514,510,485,458,473,39,1,488,514,212,512,261,38,511,1
1627739,Kris Dunn,Kris,1610612741,CHI,25.0,46,14,32,0.304,1389.3533333333332,215,506,0.425,34,96,0.354,55,69,0.797,19,168,187,277,104,68,21,29,166,81,519,-223,1321.9,2,0,1195.0,316,361,352,444,203,187,177,311,257,267,182,247,259,178,327,211,240,59,106,83,200,353,423,225,209,494,176,159,38,187,1
203937,Kyle Anderson,Kyle,1610612763,MEM,25.0,43,19,24,0.442,1281.5266666666666,150,276,0.543,9,34,0.265,37,64,0.578,48,203,251,128,58,54,37,14,112,60,346,-59,1054.2,2,1,916.0,331,307,245,340,222,272,285,63,359,352,391,302,268,454,179,166,172,159,225,132,102,241,310,275,286,380,227,159,16,250,1
2594,Kyle Korver,Kyle,1610612762,UTA,38.0,70,39,31,0.557,1333.89,201,483,0.416,138,348,0.397,60,73,0.822,9,153,162,81,59,25,12,18,106,64,600,130,967.9,0,0,1055.0,148,118,335,206,213,205,188,346,53,68,74,227,247,125,394,239,273,253,220,280,277,274,293,267,182,80,247,261,38,219,2
1628398,Kyle Kuzma,Kyle,1610612747,LAL,23.0,70,33,37,0.471,2313.5816666666665,496,1087,0.456,128,422,0.303,188,250,0.752,60,322,382,178,133,41,26,68,170,197,1308,-58,2101.4,4,0,2130.0,148,169,416,301,55,45,41,213,63,36,345,60,59,257,139,67,85,116,64,192,161,504,434,78,48,379,75,111,38,62,1
200768,Kyle Lowry,Kyle,1610612761,TOR,33.0,65,47,18,0.723,2213.2933333333335,304,739,0.411,157,453,0.347,161,194,0.83,41,271,312,564,182,91,31,30,166,247,926,536,2330.4,20,2,2203.0,196,51,168,47,69,114,95,367,35,25,212,81,94,112,204,98,125,7,28,35,131,363,423,46,96,9,53,32,10,57,1
203124,Kyle O'Quinn,Kyle,1610612754,IND,29.0,45,27,18,0.6,370.71666666666664,69,136,0.507,1,12,0.083,17,21,0.81,29,90,119,56,31,9,25,6,68,21,156,5,453.8,1,0,400.0,325,229,168,154,390,355,371,99,433,412,451,386,396,149,271,325,315,299,329,394,166,136,203,389,372,203,346,189,38,355,1
202681,Kyrie Irving,Kyrie,1610612738,BOS,27.0,67,37,30,0.552,2213.846666666667,604,1241,0.487,174,434,0.401,214,245,0.873,71,264,335,464,172,103,34,45,167,243,1596,332,2933.0,21,1,2843.0,179,139,324,209,68,21,23,140,21,33,58,44,61,48,110,104,102,15,34,23,110,447,428,48,23,28,23,30,16,23,1
200746,LaMarcus Aldridge,LaMarcus,1610612759,SAS,33.0,81,48,33,0.593,2686.65,684,1319,0.519,10,42,0.238,349,412,0.847,251,493,744,194,144,43,107,45,179,381,1727,90,3216.8,32,0,2975.0,22,38,372,165,11,8,15,88,346,334,408,17,25,77,8,22,14,105,55,181,14,447,454,14,13,101,16,17,38,19,1
202362,Lance Stephenson,Lance,1610612747,LAL,28.0,68,33,35,0.485,1122.7683333333334,184,432,0.426,73,197,0.371,50,73,0.685,32,183,215,140,86,41,7,18,111,67,491,-110,1017.0,1,0,1015.0,165,169,397,279,256,232,219,307,155,164,124,259,247,366,259,192,219,145,145,192,339,274,307,259,226,434,236,189,38,228,1
202498,Lance Thomas,Lance,1610612752,NYK,31.0,46,7,39,0.152,783.36,78,197,0.396,22,79,0.278,27,36,0.75,21,96,117,27,24,17,7,9,83,42,205,-189,433.9,0,0,419.0,316,433,438,513,312,342,330,416,294,285,380,341,351,258,317,314,316,369,352,330,339,188,239,328,345,482,351,261,38,349,1
1629013,Landry Shamet,Landry,1610612746,LAC,22.0,79,51,28,0.646,1801.8933333333334,240,557,0.431,167,396,0.422,75,93,0.806,21,113,134,117,45,37,10,16,155,83,722,62,1154.3,0,0,1234.0,56,21,292,106,138,165,157,290,26,44,39,198,206,155,317,291,300,182,273,211,298,257,404,218,144,122,206,261,38,179,2
204038,Langston Galloway,Langston,1610612765,DET,27.0,80,41,39,0.513,1745.1716666666666,228,587,0.388,135,380,0.355,81,96,0.844,49,122,171,85,24,37,8,26,135,79,672,37,1115.7,0,0,1153.0,42,103,438,246,147,175,145,431,57,54,178,186,202,85,176,276,264,241,352,211,319,339,364,230,165,147,213,261,38,193,1
1626204,Larry Nance Jr.,Larry,1610612739,CLE,26.0,67,16,51,0.239,1795.4433333333334,249,479,0.52,33,98,0.337,96,134,0.716,168,384,552,214,97,100,40,24,192,159,627,-324,1933.4,18,0,1706.0,179,341,510,473,139,157,191,85,263,265,239,157,149,319,30,44,36,90,122,25,88,324,473,108,173,515,89,38,38,112,1
1628374,Lauri Markkanen,Lauri,1610612741,CHI,22.0,52,16,36,0.308,1682.1283333333333,342,795,0.43,120,332,0.361,170,195,0.872,74,396,470,75,85,37,33,38,122,164,974,-197,1775.5,20,0,1779.0,281,341,406,441,158,100,80,294,74,76,160,75,92,50,105,43,51,264,147,211,119,414,333,105,84,484,108,32,38,102,1
2544,LeBron James,LeBron,1610612747,LAL,34.0,55,28,27,0.509,1937.4016666666666,558,1095,0.51,111,327,0.339,278,418,0.665,57,408,465,454,197,72,33,52,94,320,1505,116,2862.0,32,8,2745.0,270,219,271,249,114,28,39,96,92,79,231,31,21,392,150,38,53,18,24,66,119,471,263,29,28,89,28,17,4,28,1
1629022,Lonnie Walker IV,Lonnie,1610612759,SAS,20.0,17,12,5,0.706,117.79833333333333,16,46,0.348,5,13,0.385,8,10,0.8,0,17,17,9,4,7,3,3,7,9,45,-55,104.9,0,0,96.0,435,387,67,53,454,445,443,466,387,407,93,429,436,167,505,442,457,444,459,407,408,91,56,438,444,372,446,261,38,444,1
1628366,Lonzo Ball,Lonzo,1610612747,LAL,21.0,47,25,22,0.532,1422.5383333333334,185,456,0.406,75,228,0.329,20,48,0.417,54,197,251,255,103,69,19,25,114,62,465,-16,1309.7,4,1,1222.0,310,251,217,228,197,228,204,383,148,131,274,369,309,491,162,174,172,67,108,78,214,333,318,270,239,286,178,111,16,180,1
203485,Lorenzo Brown,Lorenzo,1610612761,TOR,28.0,26,20,6,0.769,212.19166666666666,23,71,0.324,6,28,0.214,3,3,1.0,5,26,31,28,16,12,5,7,22,4,55,-34,169.2,0,0,154.0,399,294,76,24,420,428,415,489,378,365,419,467,478,1,433,427,430,366,387,369,369,156,103,464,433,329,419,261,38,424,1
101150,Lou Williams,Lou,1610612746,LAC,32.0,75,47,28,0.627,1992.5883333333334,484,1138,0.425,105,291,0.361,425,485,0.876,40,182,222,402,181,57,11,73,80,351,1498,196,2390.4,7,1,2363.0,98,51,292,125,105,47,33,309,100,98,161,7,10,44,212,194,205,28,29,119,290,510,228,25,29,53,51,87,16,45,1
201601,Luc Mbah a Moute,Luc,1610612746,LAC,32.0,4,2,2,0.5,61.0,8,18,0.444,2,6,0.333,2,5,0.4,2,5,7,2,2,1,1,2,8,3,20,11,35.4,0,0,35.0,493,486,39,251,478,473,478,246,417,436,248,475,463,493,469,480,481,490,475,471,447,74,62,473,477,191,487,261,38,486,1
1629029,Luka Dončić,Luka,1610612742,DAL,20.0,72,28,44,0.389,2317.74,506,1186,0.427,168,514,0.327,346,485,0.713,86,477,563,429,247,77,25,52,137,404,1526,-118,2904.1,24,8,2890.0,135,219,485,392,53,41,28,305,25,16,280,18,10,327,84,25,34,24,10,58,166,471,366,11,27,445,24,25,4,21,1
1628379,Luke Kennard,Luke,1610612765,DET,23.0,63,30,33,0.476,1436.63,228,520,0.438,106,269,0.394,51,61,0.836,12,171,183,114,57,26,10,17,92,60,613,52,1054.6,0,0,1088.0,218,201,372,290,194,175,173,266,97,108,78,256,277,99,372,207,247,189,229,272,298,262,257,275,177,132,225,261,38,209,1
1628436,Luke Kornet,Luke,1610612752,NYK,23.0,46,9,37,0.196,784.0033333333333,107,283,0.378,70,193,0.363,38,46,0.826,28,107,135,54,25,27,42,6,41,51,322,-57,747.0,1,0,719.0,316,413,416,501,311,303,281,445,159,171,153,300,318,119,275,301,299,307,347,267,80,136,147,299,293,377,291,189,38,293,1
2736,Luol Deng,Luol,1610612750,MIN,34.0,22,11,11,0.5,392.225,59,118,0.5,14,44,0.318,25,35,0.714,20,53,73,18,14,15,8,7,24,25,157,87,326.6,0,0,308.0,411,394,111,251,384,373,384,107,324,328,313,350,354,323,322,373,365,402,398,345,319,156,108,380,370,103,377,261,38,379,1
1627781,Malachi Richardson,Malachi,1610612761,TOR,23.0,22,16,6,0.727,103.42333333333333,9,29,0.31,8,25,0.32,4,5,0.8,2,11,13,0,8,1,0,2,13,5,30,-11,40.6,0,0,53.0,411,341,76,42,460,468,463,492,368,374,305,454,463,167,469,461,464,510,434,471,473,74,85,459,462,272,482,261,38,472,1
1627763,Malcolm Brogdon,Malcolm,1610612749,MIL,26.0,64,49,15,0.766,1831.5916666666667,378,748,0.505,104,244,0.426,141,152,0.928,65,223,288,205,91,46,13,60,102,113,1001,425,1740.1,0,0,1716.0,201,30,145,26,134,79,90,101,102,125,36,100,129,17,126,139,139,97,134,162,260,487,279,168,79,15,116,261,38,109,1
1626259,Malcolm Miller,Malcolm,1610612761,TOR,26.0,10,9,1,0.9,67.1,11,26,0.423,10,21,0.476,3,4,0.75,1,4,5,1,1,1,1,1,5,2,35,-8,47.5,0,0,55.0,463,413,9,11,473,461,467,317,346,384,14,467,467,258,482,489,489,500,485,471,447,39,47,488,458,259,474,261,38,467,1
1627736,Malik Beasley,Malik,1610612743,DEN,22.0,81,53,28,0.654,1878.7233333333334,349,737,0.474,163,405,0.402,56,66,0.848,35,165,200,97,55,55,10,34,116,68,917,135,1442.5,0,0,1507.0,22,13,292,97,128,97,96,171,30,41,54,242,266,74,232,221,227,210,234,127,298,395,324,254,99,73,156,261,38,142,1
1628370,Malik Monk,Malik,1610612766,CHA,21.0,73,34,39,0.466,1258.095,227,586,0.387,109,330,0.33,90,102,0.882,16,121,137,117,86,37,19,32,106,88,653,-44,1074.9,0,0,1128.0,124,165,438,310,227,178,146,433,94,77,269,171,194,39,343,281,297,182,145,211,214,379,293,214,168,349,219,261,38,200,1
202705,MarShon Brooks,MarShon,1610612763,MEM,30.0,29,15,14,0.517,386.75333333333333,76,169,0.45,15,54,0.278,23,33,0.697,12,33,45,25,21,9,4,8,33,29,190,-23,299.5,0,0,301.0,390,352,136,242,385,344,348,228,320,315,381,357,359,354,372,412,411,375,363,394,388,172,134,366,352,311,387,261,38,383,1
201188,Marc Gasol,Marc,1610612761,TOR,34.0,79,39,40,0.494,2435.985,390,870,0.448,99,273,0.363,192,253,0.759,80,547,627,349,155,84,86,36,217,287,1071,160,2701.9,19,1,2486.0,56,118,454,270,41,73,65,232,107,105,154,57,57,250,94,13,26,34,44,46,23,403,508,32,72,67,32,34,16,37,2
101162,Marcin Gortat,Marcin,1610612746,LAC,35.0,47,25,22,0.532,750.4816666666667,99,186,0.532,0,0,0.0,35,48,0.729,67,194,261,65,50,6,24,16,92,65,233,-98,683.7,1,0,619.0,310,251,217,228,320,312,336,74,454,495,454,312,309,298,120,179,167,285,250,416,175,257,257,264,329,426,306,189,38,310,1
201158,Marco Belinelli,Marco,1610612759,SAS,33.0,79,46,33,0.582,1815.3566666666666,285,690,0.413,147,395,0.372,112,124,0.903,16,182,198,132,72,35,8,18,121,109,829,33,1321.6,1,0,1392.0,56,61,372,181,136,132,112,356,45,45,120,133,159,24,343,194,230,155,178,224,319,274,332,176,120,154,177,189,38,156,1
1629094,Marcus Derrickson,Marcus,1610612744,GSW,23.0,11,9,2,0.818,67.32166666666667,16,33,0.485,10,20,0.5,4,5,0.8,8,5,13,1,3,0,1,1,9,3,46,-10,63.1,0,0,72.0,458,413,39,17,472,445,456,145,346,387,7,454,463,167,405,480,464,500,468,505,447,39,69,473,442,268,463,261,38,457,1
202694,Marcus Morris Sr.,Marcus,1610612738,BOS,29.0,75,44,31,0.587,2090.5066666666667,377,844,0.447,146,389,0.375,146,173,0.844,76,382,458,109,92,43,25,36,181,165,1046,74,1871.1,5,0,1895.0,98,77,335,173,90,80,68,240,46,48,108,95,112,84,100,45,56,198,133,181,166,403,457,104,74,107,96,104,38,83,1
203935,Marcus Smart,Marcus,1610612738,BOS,25.0,80,48,32,0.6,2199.7833333333333,239,567,0.422,126,346,0.364,104,129,0.806,57,177,234,321,123,143,28,13,201,153,708,163,1860.3,1,0,1731.0,42,38,352,154,71,166,151,324,65,71,147,144,155,156,150,201,199,41,75,3,149,230,487,122,150,65,98,189,38,107,1
1626209,Mario Hezonja,Mario,1610612752,NYK,24.0,58,12,46,0.207,1206.27,191,464,0.412,42,152,0.276,87,114,0.763,28,211,239,88,88,57,8,29,110,102,511,-262,1036.8,1,1,1010.0,248,387,491,493,241,216,198,366,239,210,382,177,178,239,275,155,190,233,141,119,319,353,303,188,214,504,230,189,16,231,1
1628365,Markelle Fultz,Markelle,1610612753,ORL,21.0,19,12,7,0.632,426.85,65,155,0.419,4,14,0.286,21,37,0.568,26,44,70,59,25,17,5,17,52,29,155,-8,368.5,0,0,332.0,424,387,85,119,376,362,361,331,396,405,370,367,347,459,290,395,372,297,347,330,369,262,172,366,375,259,371,261,38,373,1
202693,Markieff Morris,Markieff,1610612760,OKC,29.0,58,24,34,0.414,1270.5266666666666,204,484,0.421,68,203,0.335,71,92,0.772,61,204,265,79,54,36,22,22,175,99,547,-161,1103.5,2,0,1075.0,248,262,382,367,224,199,186,325,163,152,246,207,208,227,136,163,156,257,238,217,191,315,447,193,195,468,214,159,38,214,2
1627737,Marquese Chriss,Marquese,1610612739,CLE,21.0,43,17,26,0.395,498.8016666666667,67,180,0.372,16,72,0.222,32,45,0.711,40,102,142,22,36,17,11,20,81,44,182,-170,433.4,1,0,418.0,331,328,262,385,362,358,341,453,316,295,414,318,323,331,212,305,292,389,303,330,290,296,232,324,359,472,352,189,38,350,2
1628963,Marvin Bagley III,Marvin,1610612758,SAC,20.0,62,30,32,0.484,1567.495,356,706,0.504,30,96,0.313,181,262,0.691,162,309,471,62,98,33,59,46,120,224,923,-103,1759.2,19,0,1670.0,224,201,352,281,174,95,105,102,273,267,329,66,49,361,33,77,50,291,119,230,44,452,331,57,98,429,112,34,38,116,1
101107,Marvin Williams,Marvin,1610612766,CHA,33.0,75,35,40,0.467,2133.2633333333333,275,652,0.422,140,382,0.366,66,86,0.767,76,331,407,92,47,71,61,21,156,89,756,-6,1731.4,5,0,1659.0,98,152,454,305,85,140,124,323,52,53,138,216,220,233,100,62,78,223,264,71,42,305,407,210,136,255,118,104,38,120,1
203486,Mason Plumlee,Mason,1610612743,DEN,29.0,82,54,28,0.659,1730.92,262,442,0.593,2,10,0.2,111,198,0.561,165,359,524,243,126,66,76,34,252,201,637,72,1930.3,9,0,1690.0,1,10,292,91,148,145,212,33,417,420,423,135,88,463,31,54,41,76,71,93,30,395,525,73,170,108,91,78,38,113,1
203521,Matthew Dellavedova,Matthew,1610612739,CLE,28.0,48,20,28,0.417,812.1933333333334,98,242,0.405,44,130,0.338,42,52,0.808,6,71,77,181,68,14,2,5,75,58,282,-61,625.9,0,0,616.0,305,294,292,364,304,317,310,388,233,233,236,284,299,153,420,347,360,114,190,348,424,126,219,283,309,383,316,261,38,312,2
203090,Maurice Harkless,Maurice,1610612757,POR,26.0,60,37,23,0.617,1415.13,189,388,0.487,33,120,0.275,49,73,0.671,77,192,269,74,45,67,53,21,163,58,460,237,1208.8,2,0,1076.0,232,139,230,137,198,218,236,138,263,247,383,267,247,380,99,181,153,266,273,87,56,305,418,283,242,44,198,159,38,213,1
1628467,Maxi Kleber,Maxi,1610612742,DAL,27.0,71,30,41,0.423,1502.1616666666666,175,386,0.453,77,218,0.353,58,74,0.784,90,239,329,70,54,36,78,18,143,74,485,64,1272.8,3,0,1189.0,144,201,462,358,183,242,237,217,141,137,187,230,243,204,76,127,110,275,238,217,28,274,382,242,229,119,186,131,38,189,1
1628982,Melvin Frazier Jr.,Melvin,1610612753,ORL,22.0,10,8,2,0.8,44.43333333333333,7,21,0.333,0,6,0.0,1,4,0.25,3,2,5,1,1,1,0,0,6,4,15,-9,24.5,0,0,23.0,463,424,39,18,486,481,472,478,454,436,454,484,467,496,455,501,489,500,485,471,473,1,53,464,487,264,498,261,38,497,1
203086,Meyers Leonard,Meyers,1610612757,POR,27.0,61,35,26,0.574,877.6783333333333,132,242,0.545,50,111,0.45,43,51,0.843,49,184,233,75,43,13,9,6,105,54,357,-77,772.1,2,0,759.0,227,152,262,191,296,284,310,62,213,252,22,280,301,88,176,191,200,264,280,361,310,136,290,292,285,402,287,159,38,280,1
201563,Michael Beasley,Michael,1610612747,LAL,30.0,26,11,15,0.423,277.48333333333335,75,153,0.49,3,17,0.176,28,39,0.718,13,47,60,25,27,9,10,9,42,29,181,-39,320.5,0,0,307.0,399,394,145,357,407,345,362,133,405,391,437,336,344,317,365,387,387,375,341,394,298,188,151,366,360,343,380,261,38,380,1
203487,Michael Carter-Williams,Michael,1610612753,ORL,27.0,28,17,11,0.607,371.81666666666666,46,123,0.374,10,38,0.263,32,53,0.604,19,51,70,70,20,20,15,8,48,55,134,3,408.0,0,0,354.0,393,328,111,147,388,392,379,451,346,344,392,318,297,437,327,378,372,275,369,311,245,172,164,289,387,212,358,261,38,367,2
203077,Michael Kidd-Gilchrist,Michael,1610612766,CHA,25.0,64,29,35,0.453,1179.1633333333334,158,332,0.476,16,47,0.34,95,123,0.772,88,158,246,61,43,32,39,38,156,108,427,-49,983.7,1,0,892.0,201,209,397,323,246,265,266,163,316,324,228,160,165,225,79,231,180,292,280,237,92,414,407,178,257,353,243,189,38,260,1
1628969,Mikal Bridges,Mikal,1610612756,PHX,22.0,82,19,63,0.232,2417.115,242,563,0.43,105,313,0.335,95,118,0.805,56,208,264,173,70,129,38,32,201,105,684,-388,1691.3,0,0,1560.0,1,307,528,476,42,163,154,296,100,88,244,160,174,160,157,159,162,120,184,8,99,379,487,183,161,524,126,261,38,135,1
201144,Mike Conley,Mike,1610612763,MEM,31.0,70,30,40,0.429,2341.8,490,1120,0.438,155,426,0.364,343,406,0.845,40,199,239,449,130,94,22,44,123,369,1478,23,2656.3,10,0,2553.0,148,201,454,350,50,46,36,270,39,35,148,20,27,82,212,170,190,20,66,31,191,445,335,19,31,166,35,70,38,35,1
203488,Mike Muscala,Mike,1610612747,LAL,27.0,64,35,29,0.547,1305.8816666666667,145,361,0.402,89,256,0.348,70,85,0.824,57,187,244,76,48,22,38,10,130,68,449,33,987.8,1,0,978.0,201,152,312,213,216,274,254,399,118,116,206,208,223,122,150,189,184,261,257,294,99,201,353,254,250,154,240,189,38,239,2
203118,Mike Scott,Mike,1610612755,PHI,30.0,79,44,35,0.557,1395.7816666666668,168,420,0.4,101,252,0.401,22,33,0.667,43,233,276,66,44,26,13,21,156,34,459,42,962.2,0,0,980.0,56,77,397,207,201,249,226,403,106,121,59,363,359,381,196,130,150,283,277,272,260,305,407,353,243,141,250,261,38,237,2
1628970,Miles Bridges,Miles,1610612766,CHA,21.0,80,38,42,0.475,1696.3333333333333,237,511,0.464,65,200,0.325,58,77,0.753,67,256,323,95,50,55,49,33,111,62,597,-127,1389.1,1,0,1288.0,42,132,465,296,155,169,175,195,176,159,288,230,239,255,120,114,115,217,250,127,68,387,307,270,183,449,162,189,38,169,1
203101,Miles Plumlee,Miles,1610612737,ATL,30.0,18,1,17,0.056,172.92166666666665,32,48,0.667,0,0,0.0,16,30,0.533,16,23,39,17,10,6,4,3,14,23,80,-43,172.3,0,0,156.0,431,499,164,518,434,415,439,9,454,495,454,390,367,466,343,433,419,407,424,416,388,91,87,385,418,347,417,261,38,420,1
1628462,Milos Teodosic,Milos,1610612746,LAC,32.0,15,8,7,0.533,150.00333333333333,17,40,0.425,10,27,0.37,4,7,0.571,3,13,16,32,21,3,1,2,27,10,48,26,106.2,0,0,114.0,441,424,85,226,442,442,446,310,346,369,125,454,451,456,455,457,460,359,363,447,447,74,116,432,440,163,444,261,38,441,1
1628249,Mitchell Creek,Mitchell,1610612750,MIN,27.0,5,1,4,0.2,47.15,8,16,0.5,0,2,0.0,5,7,0.714,6,6,12,6,1,2,0,2,3,3,21,7,49.4,0,0,43.0,488,499,59,496,484,473,483,107,454,465,454,451,451,323,420,476,469,458,485,458,473,74,34,473,476,201,472,261,38,475,2
1629011,Mitchell Robinson,Mitchell,1610612752,NYK,21.0,66,16,50,0.242,1359.5083333333334,202,291,0.694,0,0,0.0,81,135,0.6,177,246,423,37,35,52,161,23,217,114,485,-202,1652.1,11,0,1371.0,190,341,508,470,208,203,278,6,454,495,454,186,146,439,25,123,66,344,309,143,4,318,508,165,229,486,132,64,38,158,1
1628964,Mo Bamba,Mo,1610612753,ORL,21.0,47,19,28,0.404,766.1933333333334,117,243,0.481,21,70,0.3,37,63,0.587,64,169,233,39,43,13,64,15,102,63,292,-240,818.1,1,0,739.0,310,307,292,373,315,291,309,152,300,296,348,302,272,450,130,210,200,341,280,361,41,246,279,268,303,498,279,189,38,285,1
1628420,Monte Morris,Monte,1610612743,DEN,24.0,82,54,28,0.659,1970.2083333333333,346,702,0.493,94,227,0.414,65,81,0.802,35,159,194,297,52,73,4,39,102,101,851,179,1708.3,1,0,1590.0,1,10,292,91,110,99,106,128,114,133,43,219,230,165,232,230,234,51,240,62,388,419,279,189,117,56,122,189,38,132,1
1626149,Montrezl Harrell,Montrezl,1610612746,LAC,25.0,82,48,34,0.585,2158.1483333333335,546,888,0.615,3,17,0.176,266,414,0.643,184,351,535,162,132,71,110,72,255,361,1361,59,2657.0,17,0,2423.0,1,38,382,175,78,30,62,27,405,391,437,32,23,406,22,58,38,126,65,71,12,507,527,22,43,125,34,43,38,42,1
1629021,Moritz Wagner,Moritz,1610612747,LAL,22.0,43,15,28,0.349,446.18,71,171,0.415,22,77,0.286,43,53,0.811,17,68,85,24,39,11,13,17,57,38,207,-97,378.0,0,0,386.0,331,352,292,419,370,352,347,348,294,290,370,280,297,147,336,352,352,379,298,378,260,262,184,342,343,424,369,261,38,358,1
1626167,Myles Turner,Myles,1610612754,IND,23.0,74,43,31,0.581,2118.8166666666666,380,780,0.487,76,196,0.388,148,201,0.736,101,430,531,115,100,60,199,33,195,205,984,121,2470.7,17,0,2224.0,112,88,335,182,86,78,84,137,145,165,89,93,87,285,67,33,39,186,114,105,1,387,478,68,83,84,46,43,38,53,1
1628513,Naz Mitrou-Long,Naz,1610612762,UTA,25.0,14,9,5,0.643,83.915,6,20,0.3,2,11,0.182,2,2,1.0,1,5,6,15,8,1,1,1,10,4,16,-39,43.7,0,0,43.0,448,413,67,110,468,483,475,499,417,416,436,475,481,1,482,480,485,413,434,471,447,39,74,464,486,343,481,261,38,475,1
202357,Nemanja Bjelica,Nemanja,1610612758,SAC,31.0,77,38,39,0.494,1787.91,284,593,0.479,103,257,0.401,70,92,0.761,125,319,444,147,82,54,56,36,197,105,741,82,1742.3,9,0,1655.0,74,132,438,272,141,133,141,157,105,115,60,208,208,245,46,71,61,140,153,132,50,403,480,183,140,105,114,78,38,121,1
2403,Nene,ene,1610612745,HOU,36.0,42,29,13,0.69,545.7833333333333,60,116,0.517,0,3,0.0,31,47,0.66,34,89,123,26,11,18,15,9,87,52,151,101,425.6,0,0,366.0,341,209,129,68,352,371,387,91,454,458,454,326,314,394,240,327,312,371,416,321,245,188,244,296,376,98,356,261,38,365,1
203457,Nerlens Noel,Nerlens,1610612760,OKC,25.0,77,48,29,0.623,1055.6166666666666,162,276,0.587,0,0,0.0,54,79,0.684,127,198,325,45,48,66,96,10,166,101,378,-75,1273.5,2,0,1072.0,74,38,312,131,270,260,285,38,454,495,454,251,234,371,44,172,112,331,257,93,21,201,423,189,278,398,184,159,38,215,1
201156,Nick Young,Nick,1610612743,DEN,34.0,4,3,1,0.75,37.13333333333333,3,9,0.333,3,8,0.375,0,0,0.0,0,1,1,2,2,0,1,0,4,0,9,-5,14.2,0,0,17.0,493,472,9,29,492,499,498,478,405,428,110,497,504,497,505,508,514,490,475,505,447,1,41,513,498,253,506,261,38,504,1
201587,Nicolas Batum,Nicolas,1610612766,CHA,30.0,75,35,40,0.467,2354.0183333333334,253,562,0.45,116,298,0.389,77,89,0.865,71,319,390,247,117,71,43,19,140,92,699,-21,1762.5,0,0,1680.0,98,152,454,305,48,156,155,225,82,94,86,196,216,58,110,71,81,73,87,71,78,283,372,205,156,298,110,261,38,114,1
203917,Nik Stauskas,Nik,1610612739,CLE,25.0,68,33,35,0.485,1014.7966666666666,136,338,0.402,70,188,0.372,57,64,0.891,18,109,127,81,51,21,7,18,50,49,399,-255,705.9,0,0,733.0,165,169,397,279,274,280,265,396,159,174,118,239,268,29,330,295,308,253,246,299,339,274,168,309,273,503,299,261,38,288,2
203999,Nikola Jokić,Nikola,1610612743,DEN,24.0,80,53,27,0.663,2503.5866666666666,616,1206,0.511,83,270,0.307,289,352,0.821,228,637,865,580,248,108,55,67,228,418,1604,315,3753.0,56,12,3458.0,42,13,271,87,34,19,25,95,128,107,341,28,34,128,10,9,8,6,9,19,53,500,515,10,22,29,5,6,2,9,1
202703,Nikola Mirotic,Nikola,1610612749,MIL,28.0,46,24,22,0.522,1245.195,238,542,0.439,116,318,0.365,105,124,0.847,60,279,339,55,48,31,34,15,107,106,697,118,1333.3,11,0,1337.0,316,262,217,234,231,167,162,265,82,85,144,143,159,78,139,94,101,304,257,244,110,246,296,181,157,86,170,64,38,163,2
202696,Nikola Vučević,Nikola,1610612753,ORL,28.0,80,41,39,0.513,2510.1766666666667,701,1354,0.518,84,231,0.364,179,227,0.789,224,736,960,307,159,81,89,60,157,216,1665,218,3628.5,60,1,3356.0,42,103,438,246,33,7,12,90,125,129,149,69,72,194,12,3,3,46,42,53,22,487,411,63,19,49,8,3,16,11,1
203943,Noah Vonleh,Noah,1610612752,NYK,23.0,68,13,55,0.191,1721.695,207,440,0.47,46,137,0.336,111,156,0.712,113,415,528,129,88,46,51,31,174,155,571,-293,1601.1,18,0,1468.0,165,374,521,504,151,193,213,176,228,227,240,135,125,330,54,36,40,156,141,162,61,369,445,118,189,509,139,38,38,146,1
1626181,Norman Powell,Norman,1610612761,TOR,26.0,60,45,15,0.75,1126.465,193,400,0.483,68,170,0.4,62,75,0.827,16,123,139,91,65,39,13,21,96,71,516,15,910.3,0,0,918.0,232,70,145,29,254,214,233,150,163,191,61,224,242,118,343,274,296,225,201,206,260,305,268,249,210,179,262,261,38,249,1
1628384,OG Anunoby,OG,1610612761,TOR,21.0,67,46,21,0.687,1352.2666666666667,183,404,0.453,67,202,0.332,36,62,0.581,58,139,197,47,55,46,22,32,140,59,469,-49,924.9,0,0,916.0,179,61,202,70,211,235,231,218,166,156,264,308,273,453,148,256,231,324,234,162,191,379,372,280,237,353,255,261,38,250,1
1627855,Okaro White,Okaro,1610612764,WAS,26.0,3,2,1,0.667,6.276666666666666,0,2,0.0,0,2,0.0,0,0,0.0,1,1,2,0,0,0,0,0,0,0,0,-3,2.4,0,0,2.0,501,486,9,78,517,519,519,519,454,465,454,497,504,497,482,508,510,510,507,505,473,1,1,513,521,246,522,261,38,522,1
1629016,Omari Spellman,Omari,1610612737,ATL,21.0,46,15,31,0.326,804.5416666666666,98,244,0.402,44,128,0.344,32,45,0.711,72,122,194,47,31,26,25,14,67,38,272,-202,697.3,4,0,659.0,316,352,335,434,306,317,308,400,233,237,219,318,323,331,107,276,234,324,329,272,166,241,201,342,314,486,303,111,38,303,1
201956,Omri Casspi,Omri,1610612763,MEM,31.0,36,14,22,0.389,520.435,86,161,0.534,15,43,0.349,39,58,0.672,17,98,115,26,23,20,9,12,35,48,226,19,467.0,0,0,440.0,364,361,217,392,358,334,353,70,320,332,198,295,287,378,336,313,322,371,355,311,310,218,139,312,336,171,345,261,38,344,1
203490,Otto Porter Jr.,Otto,1610612741,CHI,26.0,56,25,31,0.446,1683.7516666666668,299,643,0.465,104,256,0.406,78,96,0.813,54,260,314,120,65,82,31,13,108,111,780,-22,1610.8,6,0,1544.0,263,251,335,332,157,121,127,191,102,116,50,193,202,145,162,109,123,178,201,51,131,230,298,172,128,301,137,95,38,137,2
200782,P.J. Tucker,P.J.,1610612745,HOU,34.0,82,53,29,0.646,2802.1266666666666,207,523,0.396,146,387,0.377,41,59,0.695,121,358,479,96,63,132,39,16,252,111,601,242,1769.8,3,0,1664.0,1,13,312,105,7,193,172,417,46,50,104,288,284,356,48,55,48,212,211,7,92,257,525,172,181,42,109,131,38,119,1
1628408,PJ Dozier,PJ,1610612738,BOS,22.0,6,5,1,0.833,50.843333333333334,8,21,0.381,2,8,0.25,1,2,0.5,6,11,17,5,0,2,0,0,2,3,19,25,52.9,1,0,47.0,481,456,9,15,482,473,472,441,417,428,402,484,481,471,420,461,457,463,507,458,473,1,27,473,478,165,470,189,38,474,1
1627783,Pascal Siakam,Pascal,1610612761,TOR,25.0,80,57,23,0.713,2547.6133333333332,519,945,0.549,79,214,0.369,237,302,0.785,124,425,549,248,154,73,52,42,241,239,1354,593,2605.8,18,0,2480.0,42,3,230,51,27,37,58,58,135,145,129,38,37,202,47,34,37,70,45,62,60,435,520,50,44,5,40,38,38,38,1
1626192,Pat Connaughton,Pat,1610612749,MIL,26.0,61,43,18,0.705,1261.1733333333334,163,350,0.466,66,200,0.33,29,40,0.725,61,197,258,122,33,33,25,19,81,37,421,118,1054.6,1,0,983.0,227,88,168,55,226,255,258,189,173,159,271,332,339,308,136,174,169,172,318,230,166,283,232,344,263,86,225,189,38,235,1
201976,Patrick Beverley,Patrick,1610612746,LAC,30.0,78,48,30,0.615,2137.221666666667,194,477,0.407,112,282,0.397,96,123,0.78,76,312,388,300,85,67,43,25,265,157,596,149,1756.6,6,0,1616.0,68,38,324,138,84,212,193,381,89,101,69,157,165,214,100,74,83,49,147,87,78,333,528,113,184,70,113,95,38,128,1
1627775,Patrick McCaw,Patrick,1610612761,TOR,23.0,29,17,12,0.586,397.295,26,63,0.413,9,28,0.321,13,15,0.867,7,41,48,29,17,23,2,3,38,15,74,-60,233.1,0,0,210.0,390,328,125,174,383,422,422,357,359,365,302,403,412,53,415,400,405,365,384,289,424,91,145,412,423,382,404,261,38,408,2
202335,Patrick Patterson,Patrick,1610612760,OKC,30.0,63,40,23,0.635,860.6716666666666,82,219,0.374,46,137,0.336,19,30,0.633,42,105,147,31,22,16,13,6,46,34,229,-110,516.9,0,0,511.0,218,113,230,116,298,337,320,450,228,227,240,373,367,417,201,303,288,360,361,338,260,136,157,353,333,434,333,261,38,333,1
201988,Patty Mills,Patty,1610612759,SAS,30.0,82,48,34,0.585,1907.7083333333333,282,663,0.425,159,404,0.394,88,103,0.854,24,158,182,245,93,49,10,12,129,124,811,201,1480.9,0,0,1515.0,1,38,382,175,121,134,120,308,34,42,80,175,191,73,300,231,250,74,132,153,298,218,349,150,124,52,153,261,38,141,1
2200,Pau Gasol,Pau,1610612749,MIL,38.0,30,17,13,0.567,360.545,42,94,0.447,6,13,0.462,28,40,0.7,22,115,137,52,16,5,15,6,29,33,118,-33,404.4,1,0,353.0,385,328,129,197,391,401,402,238,378,407,17,336,339,345,310,287,297,313,387,433,245,136,123,357,396,326,360,189,38,368,2
202331,Paul George,Paul,1610612760,OKC,29.0,77,46,31,0.597,2841.306666666667,707,1614,0.438,292,757,0.386,453,540,0.839,105,523,628,318,205,170,34,77,214,420,2159,496,3796.6,24,1,3805.0,74,61,335,160,5,6,3,268,3,3,91,5,5,95,64,15,25,44,22,1,110,514,505,9,2,10,4,25,16,2,1
200794,Paul Millsap,Paul,1610612743,DEN,34.0,70,49,21,0.7,1894.5183333333334,322,665,0.484,58,159,0.365,181,249,0.727,153,352,505,141,95,83,54,51,183,223,883,342,2016.5,14,0,1861.0,148,30,202,58,124,108,119,146,188,201,144,66,60,304,39,57,44,144,129,50,54,468,461,59,108,27,81,50,38,85,1
203112,Quincy Acy,Quincy,1610612756,PHX,28.0,10,2,8,0.2,122.93,4,18,0.222,2,15,0.133,7,10,0.7,3,22,25,8,4,1,4,0,24,14,17,4,70.0,0,0,62.0,463,486,93,496,450,490,478,514,417,400,442,438,436,345,455,436,439,446,459,471,388,1,108,417,483,206,459,261,38,465,1
202347,Quincy Pondexter,Quincy,1610612759,SAS,31.0,53,29,24,0.547,291.87833333333333,29,58,0.5,6,18,0.333,34,42,0.81,8,38,46,24,13,11,1,6,24,28,98,-14,212.2,0,0,198.0,275,209,245,212,405,417,428,107,378,389,248,314,331,149,405,403,410,379,405,378,447,136,108,369,407,284,409,261,38,411,1
1626188,Quinn Cook,Quinn,1610612744,GSW,26.0,74,49,25,0.662,1058.9016666666666,204,439,0.465,81,200,0.405,20,26,0.769,22,135,157,116,50,20,3,19,92,28,509,-133,890.4,0,0,909.0,112,30,255,89,269,199,215,193,131,159,52,369,380,230,310,264,278,184,250,311,408,283,257,369,216,453,267,261,38,254,1
1626154,RJ Hunter,RJ,1610612738,BOS,25.0,1,1,0,1.0,25.683333333333334,6,13,0.462,4,10,0.4,1,2,0.5,1,2,3,3,0,1,0,1,3,1,17,28,28.1,0,0,29.0,518,499,1,1,499,483,489,202,396,420,61,484,481,471,482,501,500,482,507,471,473,39,34,494,483,160,494,261,38,491,1
200765,Rajon Rondo,Rajon,1610612747,LAL,33.0,46,19,27,0.413,1368.565,175,432,0.405,51,142,0.359,23,36,0.639,34,209,243,367,127,57,7,34,100,55,424,-245,1331.1,14,1,1213.0,316,307,271,368,206,242,219,386,207,221,168,357,351,409,240,157,185,31,70,119,339,395,277,289,259,501,171,50,16,183,1
203526,Raul Neto,Raul,1610612762,UTA,27.0,37,26,11,0.703,473.5883333333333,74,161,0.46,20,60,0.333,28,33,0.848,6,56,62,93,35,14,4,9,49,42,196,175,428.9,0,0,407.0,362,244,111,57,367,348,353,206,304,308,248,336,359,74,420,367,385,220,309,348,388,188,167,328,348,59,355,261,38,353,1
1628959,Rawle Alkins,Rawle,1610612741,CHI,21.0,10,3,7,0.3,120.35333333333334,13,39,0.333,3,12,0.25,8,12,0.667,11,15,26,13,8,1,0,4,7,7,37,-13,82.7,0,0,81.0,463,472,85,446,451,455,447,478,405,412,402,429,424,381,380,449,438,423,434,471,473,109,56,446,455,281,453,261,38,454,1
1629034,Ray Spalding,Ray,1610612756,PHX,22.0,14,3,11,0.214,147.62666666666667,25,47,0.532,0,3,0.0,4,12,0.333,15,33,48,5,9,9,8,3,23,8,54,-21,161.1,1,0,141.0,448,472,111,488,443,425,441,75,454,458,454,454,424,494,357,412,405,463,429,394,319,91,107,441,434,298,422,189,38,429,2
101109,Raymond Felton,Raymond,1610612760,OKC,35.0,33,19,14,0.576,379.37,55,135,0.407,20,61,0.328,12,13,0.923,4,30,34,52,14,10,6,3,29,14,142,15,294.8,0,0,280.0,377,307,136,189,386,378,372,377,304,306,279,409,420,18,442,419,426,313,398,387,358,91,123,417,380,179,390,261,38,392,1
203493,Reggie Bullock Jr.,Reggie,1610612747,LAL,28.0,63,27,36,0.429,1878.89,245,594,0.412,148,393,0.377,73,85,0.859,22,151,173,129,65,40,12,23,109,71,711,-48,1203.1,0,0,1265.0,218,229,406,350,127,161,139,360,44,46,107,201,223,65,310,244,261,156,201,199,277,318,299,249,147,352,201,261,38,171,2
202704,Reggie Jackson,Reggie,1610612765,DET,29.0,82,41,41,0.5,2288.8683333333333,441,1047,0.421,174,471,0.369,204,236,0.864,45,171,216,344,148,55,9,40,208,189,1260,44,2079.2,0,0,2122.0,1,103,462,251,59,60,45,326,21,22,127,49,65,59,190,207,217,35,53,127,310,424,496,80,51,138,76,261,38,65,1
1626158,Richaun Holmes,Richaun,1610612756,PHX,25.0,70,16,54,0.229,1183.6883333333333,222,365,0.608,0,0,0.0,128,175,0.731,115,216,331,60,52,42,79,29,194,151,572,-172,1370.2,5,0,1205.0,148,341,518,480,245,181,250,28,454,495,454,119,109,294,52,147,108,294,240,189,27,353,476,124,188,473,163,104,38,186,1
201937,Ricky Rubio,Ricky,1610612762,UTA,28.0,68,40,28,0.588,1898.95,295,730,0.404,79,254,0.311,195,228,0.855,33,210,243,416,180,91,10,29,180,193,864,250,1902.6,7,0,1804.0,165,113,292,169,123,125,99,391,135,119,334,54,69,68,248,156,185,27,30,35,298,353,455,79,111,40,93,87,38,98,1
203496,Robert Covington,Robert,1610612750,MIN,28.0,35,20,15,0.571,1202.6016666666667,156,362,0.431,85,225,0.378,68,89,0.764,28,165,193,46,47,74,47,9,126,80,465,63,1081.6,2,0,1031.0,370,294,145,192,242,266,251,288,124,134,102,212,216,238,275,221,237,327,264,60,70,188,343,227,239,121,217,159,38,223,2
1629057,Robert Williams III,Robert,1610612738,BOS,21.0,32,18,14,0.563,282.84,36,51,0.706,0,0,0.0,9,15,0.6,27,54,81,7,10,9,40,4,36,12,81,-50,325.7,0,0,267.0,379,321,136,199,406,408,434,4,454,495,454,418,412,439,281,371,359,452,424,394,88,109,142,423,415,358,378,261,38,394,1
201577,Robin Lopez,Robin,1610612741,CHI,31.0,74,20,54,0.27,1605.6816666666666,304,535,0.568,7,31,0.226,89,123,0.724,140,146,286,89,96,11,78,19,124,147,704,-142,1351.7,2,0,1264.0,112,294,518,458,171,114,166,49,375,359,412,172,165,310,40,247,141,230,128,378,28,283,339,129,154,456,165,159,38,173,1
1629066,Rodions Kurucs,Rodions,1610612751,BKN,21.0,63,36,27,0.571,1293.75,202,449,0.45,58,184,0.315,72,92,0.783,56,190,246,52,77,41,25,42,146,70,534,-2,1028.2,2,0,1022.0,218,146,271,192,221,203,206,226,188,178,323,205,208,208,157,183,180,313,163,192,166,435,390,251,202,239,233,159,38,226,1
203918,Rodney Hood,Rodney,1610612757,POR,26.0,72,29,43,0.403,1892.5633333333333,292,671,0.435,84,236,0.356,137,155,0.884,25,132,157,126,55,59,12,19,146,118,805,-273,1340.4,0,0,1314.0,135,209,474,374,125,128,117,274,125,127,175,105,127,37,294,265,278,165,234,110,277,283,390,160,125,505,167,261,38,165,2
203585,Rodney McGruder,Rodney,1610612746,LAC,27.0,66,31,35,0.47,1549.715,186,461,0.403,79,225,0.351,52,72,0.722,60,178,238,112,64,36,12,29,115,67,503,-38,1036.6,2,0,1028.0,190,187,397,303,177,226,201,392,135,134,192,255,252,311,139,199,194,191,208,217,277,353,322,259,218,339,231,159,38,224,1
1627758,Ron Baker,Ron,1610612764,WAS,26.0,15,4,11,0.267,151.985,4,20,0.2,1,13,0.077,5,6,0.833,1,10,11,15,5,6,1,1,18,8,14,-20,65.7,0,0,55.0,441,459,111,459,441,490,475,516,433,407,453,451,457,103,482,466,473,413,452,416,447,39,97,441,489,296,461,261,38,467,2
1626178,Rondae Hollis-Jefferson,Rondae,1610612751,BKN,24.0,59,27,32,0.458,1233.9633333333334,200,487,0.411,9,49,0.184,118,183,0.645,83,227,310,96,68,44,27,46,107,161,527,-10,1188.0,4,0,1084.0,240,229,352,316,233,207,182,370,359,322,435,127,105,402,85,135,128,212,190,174,152,452,296,107,205,268,203,111,38,210,1
1626220,Royce O'Neale,Royce,1610612762,UTA,26.0,82,50,32,0.61,1671.105,163,343,0.475,68,176,0.386,32,42,0.762,22,263,285,124,70,54,24,19,172,51,426,172,1118.0,1,0,1059.0,1,25,352,142,160,255,264,164,163,185,90,318,331,243,310,105,142,168,184,132,175,283,439,299,258,60,212,189,38,218,1
200752,Rudy Gay,Rudy,1610612759,SAS,32.0,69,42,27,0.609,1842.2933333333333,376,746,0.504,74,184,0.402,120,147,0.816,63,407,470,182,114,54,34,35,159,135,946,161,1933.0,9,0,1848.0,157,95,271,144,132,81,92,103,150,178,56,124,134,140,133,40,51,113,91,132,110,400,413,137,92,66,90,78,38,90,1
203497,Rudy Gobert,Rudy,1610612762,UTA,27.0,81,50,31,0.617,2576.6866666666665,476,712,0.669,0,0,0.0,332,522,0.636,309,732,1041,161,130,66,187,56,231,468,1284,384,3403.7,66,0,2992.0,22,25,335,136,23,49,104,8,454,495,454,22,6,414,3,4,2,127,66,93,2,482,516,5,49,17,14,2,38,17,1
201566,Russell Westbrook,Russell,1610612760,OKC,30.0,73,44,29,0.603,2629.4333333333334,630,1473,0.428,119,411,0.29,296,451,0.656,109,698,807,784,325,142,33,68,245,343,1675,294,4019.4,57,34,3735.0,124,77,312,153,16,16,8,302,76,40,366,27,13,397,58,6,11,1,2,4,119,504,522,26,18,36,3,5,1,4,1
201583,Ryan Anderson,Ryan,1610612748,MIA,31.0,25,7,18,0.28,321.2916666666667,21,69,0.304,9,40,0.225,12,16,0.75,18,36,54,19,14,4,1,7,25,21,63,-73,157.3,0,0,155.0,403,433,168,452,398,432,416,495,359,337,413,409,409,258,330,408,396,400,398,440,447,156,111,389,429,397,424,261,38,421,2
1627853,Ryan Arcidiacono,Ryan,1610612741,CHI,25.0,81,22,59,0.272,1961.3,187,418,0.447,81,217,0.373,89,102,0.873,27,192,219,269,63,65,4,17,171,119,544,-250,1354.3,0,0,1251.0,22,276,523,457,111,224,228,236,131,138,116,172,194,49,281,181,211,61,211,96,388,262,437,159,199,502,164,261,38,175,1
1629151,Ryan Broekhoff,Ryan,1610612742,DAL,28.0,42,15,27,0.357,453.58666666666664,57,126,0.452,38,93,0.409,15,19,0.789,8,55,63,22,16,6,4,5,35,18,167,70,289.6,0,0,310.0,341,352,271,414,369,374,377,219,249,275,47,392,400,191,405,369,383,389,387,416,388,126,139,399,366,113,392,261,38,378,1
1626257,Salah Mejri,Salah,1610612742,DAL,33.0,36,13,23,0.361,399.12666666666667,55,112,0.491,11,34,0.324,20,32,0.625,36,95,131,35,21,10,26,8,55,37,141,-50,437.7,1,0,390.0,364,374,230,408,382,378,389,131,340,352,294,369,362,422,229,316,305,352,363,387,161,172,179,344,381,358,350,189,38,356,1
1626155,Sam Dekker,Sam,1610612764,WAS,25.0,47,14,33,0.298,788.605,120,256,0.469,19,62,0.306,28,46,0.609,53,95,148,46,24,38,7,21,47,35,287,-89,644.6,0,0,590.0,310,361,372,447,309,289,303,180,307,303,343,336,318,433,168,316,284,327,352,208,339,305,160,351,305,415,314,261,38,316,2
203159,Scott Machado,Scott,1610612747,LAL,29.0,4,3,1,0.75,19.166666666666668,4,6,0.667,1,1,1.0,1,1,1.0,0,0,0,3,0,1,0,0,2,1,10,0,17.5,0,0,16.0,493,472,9,29,504,490,507,9,433,480,1,484,498,1,505,520,521,482,507,471,473,1,27,494,494,226,505,261,38,505,1
1628400,Semi Ojeleye,Semi,1610612738,BOS,24.0,56,39,17,0.696,594.4383333333334,67,158,0.424,28,89,0.315,24,39,0.615,24,62,86,23,19,10,4,10,43,31,186,70,346.7,0,0,351.0,263,118,164,62,348,358,355,312,280,279,324,353,344,429,300,357,351,384,372,387,388,201,152,361,357,113,376,261,38,370,1
201586,Serge Ibaka,Serge,1610612761,TOR,29.0,74,53,21,0.716,2010.375,464,877,0.529,49,169,0.29,135,177,0.763,156,445,601,99,114,29,103,30,211,154,1112,257,2263.7,22,0,2125.0,112,13,202,49,102,56,64,78,218,192,365,109,107,241,38,30,28,208,91,255,16,363,502,120,67,38,58,28,38,64,1
203552,Seth Curry,Seth,1610612757,POR,28.0,74,49,25,0.662,1399.3916666666667,212,465,0.456,113,251,0.45,44,52,0.846,27,93,120,66,61,36,12,15,97,78,581,132,907.0,0,0,976.0,112,30,255,89,200,189,197,214,87,122,23,279,299,79,281,318,314,283,215,217,277,246,271,231,187,76,263,261,38,240,1
203894,Shabazz Napier,Shabazz,1610612751,BKN,27.0,56,26,30,0.464,982.8366666666667,169,435,0.389,76,228,0.333,115,138,0.833,18,82,100,143,66,41,16,27,67,112,529,14,968.5,1,0,962.0,263,244,324,313,280,248,217,430,145,131,248,130,142,103,330,333,335,143,199,192,238,343,201,170,204,183,246,189,38,245,1
1628983,Shai Gilgeous-Alexander,Shai,1610612746,LAC,20.0,82,48,34,0.585,2173.9066666666668,341,716,0.476,51,139,0.367,156,195,0.8,57,175,232,270,141,96,45,67,175,180,889,-110,1854.4,1,0,1724.0,1,38,382,175,74,101,103,161,207,224,137,86,92,167,150,205,202,60,58,28,74,500,447,88,106,434,99,189,38,108,1
1629003,Shake Milton,Shake,1610612755,PHI,22.0,20,10,10,0.5,268.225,34,87,0.391,14,44,0.318,5,7,0.714,9,26,35,18,6,8,8,4,29,7,87,-1,198.0,0,0,186.0,421,400,102,251,408,410,403,423,324,328,313,451,451,323,394,427,425,402,445,403,319,109,123,446,412,234,411,261,38,412,1
1627885,Shaquille Harrison,Shaquille,1610612741,CHI,25.0,73,20,53,0.274,1429.97,184,426,0.432,24,89,0.27,82,123,0.667,33,189,222,139,60,89,30,41,124,116,474,-316,1245.9,1,0,1097.0,124,294,516,456,196,232,222,286,289,279,387,185,165,381,248,185,205,147,218,38,138,430,339,162,234,514,192,189,38,207,1
2733,Shaun Livingston,Shaun,1610612744,GSW,33.0,64,45,19,0.703,966.8916666666667,109,210,0.519,0,2,0.0,40,51,0.784,42,75,117,114,38,31,27,11,74,44,258,46,705.4,0,0,605.0,201,70,183,56,284,300,328,86,454,465,454,294,301,203,201,344,316,189,299,244,152,208,218,324,318,136,300,261,38,314,1
202714,Shelvin Mack,Shelvin,1610612766,CHA,29.0,57,22,35,0.386,1246.645,163,403,0.404,46,130,0.354,58,84,0.69,18,86,104,183,66,47,4,38,84,65,430,-244,916.3,0,0,865.0,259,276,397,397,230,255,232,390,228,233,185,230,227,362,330,328,333,111,199,158,388,414,241,264,253,500,259,261,38,265,2
1628414,Sindarius Thornwell,Sindarius,1610612746,LAC,24.0,64,37,27,0.578,313.45166666666665,17,49,0.347,3,15,0.2,25,34,0.735,5,39,44,18,20,14,7,2,41,19,62,-38,184.8,0,0,169.0,201,139,271,188,401,442,437,467,405,400,423,350,357,287,433,402,412,402,369,348,339,74,147,394,430,339,415,261,38,415,1
1627746,Skal Labissiere,Skal,1610612757,POR,23.0,22,12,10,0.545,176.47,26,49,0.531,6,13,0.462,9,17,0.529,9,34,43,11,11,5,6,3,29,12,67,-30,157.1,1,0,149.0,411,387,102,214,432,422,437,77,378,407,17,418,407,468,394,410,413,434,416,433,358,91,123,423,426,322,426,189,38,427,2
203524,Solomon Hill,Solomon,1610612740,NOP,28.0,44,14,30,0.318,878.525,68,178,0.382,32,101,0.317,23,32,0.719,34,99,133,55,31,23,10,9,80,37,191,-127,501.1,0,0,477.0,326,361,324,437,294,356,343,440,268,259,320,357,362,315,240,310,304,304,329,289,298,188,228,344,351,449,337,261,38,337,1
203915,Spencer Dinwiddie,Spencer,1610612751,BKN,26.0,68,36,32,0.529,1914.0033333333333,366,828,0.442,124,370,0.335,287,356,0.806,26,140,166,311,152,40,17,36,187,284,1143,-84,1827.7,2,0,1858.0,165,146,352,230,118,87,74,254,68,60,245,29,33,157,290,254,269,45,49,199,230,403,469,34,64,410,101,159,38,87,1
1626169,Stanley Johnson,Stanley,1610612740,NOP,23.0,66,28,38,0.424,1207.37,171,440,0.389,62,215,0.288,50,64,0.781,34,183,217,88,81,60,14,38,114,63,454,-199,987.4,0,0,969.0,190,219,426,356,240,246,213,429,180,142,368,259,268,212,240,192,215,233,158,105,253,414,318,268,248,485,241,261,38,242,2
201939,Stephen Curry,Stephen,1610612744,GSW,31.0,69,52,17,0.754,2331.1666666666665,632,1340,0.472,354,810,0.437,263,287,0.916,45,324,369,361,192,92,25,36,166,249,1881,689,3024.3,3,0,3199.0,157,18,164,28,51,14,14,174,2,2,26,34,42,20,190,65,89,33,26,33,166,403,423,44,8,1,21,131,38,14,1
1628425,Sterling Brown,Sterling,1610612749,MIL,24.0,58,45,13,0.776,1034.3633333333332,145,312,0.465,53,147,0.361,29,42,0.69,29,155,184,84,46,25,8,20,88,30,372,-1,771.8,0,0,759.0,248,70,129,22,272,274,271,192,200,214,162,332,331,362,271,236,244,244,268,280,319,296,246,364,282,234,288,261,38,280,1
203500,Steven Adams,Steven,1610612760,OKC,25.0,80,47,33,0.588,2669.258333333333,481,809,0.595,0,2,0.0,146,292,0.5,391,369,760,124,135,117,76,50,204,278,1108,389,2650.0,29,0,2378.0,42,51,372,172,12,48,77,31,454,465,454,95,39,471,2,49,12,168,61,13,30,463,492,35,68,16,36,24,38,44,1
1629004,Svi Mykhailiuk,Svi,1610612765,DET,22.0,42,19,23,0.452,440.13,46,140,0.329,29,89,0.326,12,20,0.6,9,27,36,37,21,14,1,8,25,19,133,-7,255.7,0,0,265.0,341,307,230,324,371,392,369,487,275,279,286,409,399,439,394,422,421,344,363,348,447,172,111,394,389,257,396,261,38,395,2
1628388,T.J. Leaf,T.J.,1610612754,IND,22.0,58,35,23,0.603,521.5666666666667,99,183,0.541,8,31,0.258,19,31,0.613,43,82,125,24,12,9,19,9,35,25,225,44,483.0,1,0,438.0,248,152,230,150,357,312,338,64,368,359,396,373,365,430,196,333,311,379,412,394,214,188,139,380,337,138,341,189,38,345,1
204456,T.J. McConnell,T.J.,1610612755,PHI,27.0,76,46,30,0.605,1470.285,220,419,0.525,14,42,0.333,29,37,0.784,28,146,174,258,91,79,17,19,105,44,483,-9,1275.8,0,0,1121.0,88,61,324,148,188,182,227,81,324,334,248,332,347,204,275,247,259,66,134,56,230,283,290,324,233,264,182,261,38,201,1
203933,T.J. Warren,T.J.,1610612756,PHX,25.0,43,10,33,0.233,1359.9983333333332,297,611,0.486,77,180,0.428,101,124,0.815,31,143,174,64,52,51,29,32,119,93,772,-225,1264.8,0,0,1247.0,331,400,372,475,207,123,135,141,141,183,34,149,159,143,264,252,259,287,240,149,144,379,329,201,131,496,188,261,38,177,1
1628769,Tahjere McCall,Tahjere,1610612751,BKN,24.0,1,0,1,0.0,7.966666666666667,2,3,0.667,0,1,0.0,0,1,0.0,0,1,1,0,0,0,0,0,2,3,4,15,5.2,0,0,5.0,518,519,9,519,514,507,514,9,454,480,454,497,498,497,505,508,514,510,507,505,473,1,27,473,510,179,517,261,38,517,1
201959,Taj Gibson,Taj,1610612750,MIN,34.0,70,32,38,0.457,1686.35,304,537,0.566,11,34,0.324,134,177,0.757,172,286,458,84,73,53,39,54,186,156,753,-81,1631.6,13,0,1490.0,148,179,426,318,156,114,165,50,340,352,294,110,107,252,28,90,56,244,175,140,92,477,465,116,137,407,133,58,38,144,1
1627752,Taurean Prince,Taurean,1610612737,ATL,25.0,55,19,36,0.345,1552.2916666666667,262,594,0.441,123,315,0.39,95,116,0.819,22,177,199,118,100,53,19,15,141,114,742,-243,1273.8,0,0,1326.0,270,307,406,420,176,145,139,257,71,87,85,160,175,131,310,201,228,181,114,140,214,246,377,165,139,499,183,261,38,164,1
1628390,Terrance Ferguson,Terrance,1610612760,OKC,21.0,74,44,30,0.595,1931.0783333333334,185,431,0.429,106,290,0.366,37,51,0.725,33,108,141,72,47,40,16,13,231,60,513,141,911.2,0,0,944.0,112,77,324,163,117,228,221,297,97,99,140,302,301,307,248,300,293,268,264,199,238,230,516,275,212,72,261,261,38,248,1
203093,Terrence Jones,Terrence,1610612745,HOU,27.0,2,2,0,1.0,5.1,1,4,0.25,0,2,0.0,0,1,0.0,0,4,4,0,1,0,0,0,1,1,2,-12,5.8,0,0,6.0,511,486,1,1,522,511,511,508,454,465,454,497,498,497,505,489,495,510,485,505,473,1,20,494,514,277,515,261,38,513,1
203082,Terrence Ross,Terrence,1610612753,ORL,28.0,81,42,39,0.519,2150.0533333333333,440,1027,0.428,217,566,0.383,126,144,0.875,27,253,280,135,90,72,29,24,119,98,1223,5,1974.5,0,0,2057.0,22,95,438,237,82,61,48,301,10,12,95,121,135,45,281,117,146,150,137,66,144,324,329,195,57,203,85,261,38,74,1
1626179,Terry Rozier,Terry,1610612738,BOS,25.0,79,47,32,0.595,1791.385,258,666,0.387,119,337,0.353,73,93,0.785,32,275,307,231,68,68,21,26,101,108,708,-39,1621.9,1,0,1543.0,56,51,352,161,140,151,118,432,76,75,188,201,206,200,259,96,130,80,190,83,200,339,278,178,150,343,134,189,38,138,1
200757,Thabo Sefolosha,Thabo,1610612762,UTA,35.0,50,28,22,0.56,608.6566666666666,71,149,0.477,34,78,0.436,14,22,0.636,8,115,123,27,25,43,5,4,41,17,190,123,497.1,1,0,470.0,294,219,217,203,346,352,366,160,257,288,28,398,390,412,405,287,312,369,347,181,369,109,147,404,352,83,338,189,38,340,1
201152,Thaddeus Young,Thaddeus,1610612754,IND,31.0,81,47,34,0.58,2488.838333333333,443,841,0.527,51,146,0.349,87,135,0.644,192,331,523,204,123,123,36,51,194,177,1024,134,2311.6,10,0,2120.0,22,51,382,184,36,59,71,80,207,216,197,177,146,403,19,62,42,99,75,9,105,468,476,90,77,74,55,70,38,66,1
1629033,Theo Pinson,Theo,1610612751,BKN,23.0,18,7,11,0.389,211.37333333333333,25,73,0.342,12,46,0.261,19,22,0.864,4,32,36,21,18,6,0,4,15,15,81,-1,155.7,0,0,162.0,431,433,111,392,421,425,412,472,335,325,393,373,390,60,442,417,421,393,377,416,473,109,90,412,415,234,427,261,38,417,1
1628418,Thomas Bryant,Thomas,1610612764,WAS,21.0,72,29,43,0.403,1496.3433333333332,309,502,0.616,33,99,0.333,107,137,0.781,113,341,454,92,60,25,67,31,126,130,758,-107,1656.8,14,0,1521.0,135,209,474,374,184,112,178,24,263,263,248,141,143,213,54,60,60,223,218,280,37,369,343,141,134,433,131,50,38,139,1
1629118,Thomas Welsh,Thomas,1610612743,DEN,23.0,11,8,3,0.727,36.306666666666665,7,13,0.538,3,7,0.429,1,2,0.5,0,4,4,5,1,0,0,0,3,2,18,2,29.3,0,0,30.0,458,424,48,42,493,481,489,65,405,433,32,484,481,471,505,489,495,463,485,505,473,1,34,488,481,218,492,261,38,490,1
1627748,Thon Maker,Thon,1610612765,DET,22.0,64,44,20,0.688,972.3016666666666,109,268,0.407,49,153,0.32,56,84,0.667,41,161,202,45,33,21,51,13,105,73,323,-4,815.9,0,0,763.0,201,77,195,69,283,300,292,380,218,208,304,242,227,381,204,228,224,331,318,299,61,230,290,245,292,251,280,261,38,278,2
204025,Tim Frazier,Tim,1610612749,MIL,28.0,59,27,32,0.458,1119.6633333333334,116,261,0.444,37,101,0.366,41,54,0.759,41,127,168,248,76,30,5,12,112,74,310,-67,912.6,4,0,833.0,240,229,352,316,258,292,298,246,253,259,139,288,294,249,204,271,267,70,167,251,369,218,310,242,297,390,260,111,38,267,2
203501,Tim Hardaway Jr.,Tim,1610612742,DAL,27.0,65,14,51,0.215,2056.6066666666666,390,993,0.393,162,477,0.34,232,276,0.841,33,189,222,159,105,54,8,54,141,244,1174,-401,1759.9,2,0,1841.0,196,361,510,487,94,73,53,421,31,20,230,39,45,91,248,185,205,130,104,132,319,477,377,47,62,525,111,159,38,91,2
1627789,Timothe Luwawu-Cabarrot,Timothe,1610612741,CHI,24.0,50,25,25,0.5,669.29,82,218,0.376,36,116,0.31,31,41,0.756,11,86,97,26,21,19,8,18,73,36,231,-209,446.4,1,0,444.0,294,251,255,251,335,337,321,447,254,249,336,326,335,253,380,328,341,371,363,318,319,274,217,348,330,490,348,189,38,343,2
202699,Tobias Harris,Tobias,1610612755,PHI,26.0,82,46,36,0.561,2847.82,611,1254,0.487,156,393,0.397,266,307,0.866,69,576,645,229,151,51,37,59,184,212,1644,17,2874.5,15,0,2850.0,1,61,406,202,4,20,20,136,36,46,72,32,35,55,115,10,23,83,51,149,102,486,463,65,20,175,27,48,38,22,2
203107,Tomas Satoransky,Tomas,1610612764,WAS,27.0,80,32,48,0.4,2163.5666666666666,257,530,0.485,64,162,0.395,131,160,0.819,82,197,279,399,120,82,13,24,172,154,709,-54,1807.3,7,1,1641.0,42,179,500,377,77,152,168,144,177,199,76,115,120,132,87,174,147,30,83,51,260,324,439,120,149,369,107,87,16,123,1
1628396,Tony Bradley,Tony,1610612762,UTA,21.0,3,2,1,0.667,35.9,8,16,0.5,0,0,0.0,1,2,0.5,9,6,15,1,3,2,2,0,6,2,17,-18,45.5,1,0,41.0,501,486,9,78,494,473,483,107,454,495,454,484,481,471,394,476,462,500,468,458,424,1,53,488,483,294,478,189,38,481,1
2225,Tony Parker,Tony,1610612766,CHA,37.0,56,30,26,0.536,1002.8016666666666,213,463,0.46,13,51,0.255,91,124,0.734,14,69,83,207,75,21,7,40,53,93,530,19,949.1,1,0,889.0,263,201,262,222,276,188,200,205,333,318,401,170,159,289,360,350,355,94,168,299,339,424,174,201,203,171,253,189,38,261,1
203503,Tony Snell,Tony,1610612749,MIL,27.0,74,55,19,0.743,1303.915,163,361,0.452,81,204,0.397,37,42,0.881,29,128,157,68,23,26,18,9,90,32,444,172,843.4,0,0,838.0,112,8,183,37,217,255,254,223,131,150,70,302,331,40,271,270,278,280,355,272,222,188,249,360,252,60,271,261,38,266,1
1628470,Torrey Craig,Torrey,1610612743,DEN,28.0,75,50,25,0.667,1503.015,160,362,0.442,61,188,0.324,49,70,0.7,89,174,263,72,44,37,46,15,175,61,430,72,1058.6,2,0,992.0,98,25,255,78,182,262,251,255,182,174,289,267,257,345,77,206,164,268,277,211,73,246,447,274,253,108,224,159,38,233,1
1629027,Trae Young,Trae,1610612737,ATL,20.0,81,29,52,0.358,2503.2816666666668,525,1256,0.418,156,482,0.324,343,414,0.829,64,237,301,653,308,72,15,98,140,431,1549,-335,2842.7,30,1,2833.0,22,209,515,413,35,35,18,343,36,19,292,20,23,113,130,129,135,2,3,66,245,524,372,7,26,519,29,22,16,25,1
1626203,Treveon Graham,Treveon,1610612751,BKN,25.0,35,19,16,0.543,715.3616666666667,64,191,0.335,38,128,0.297,18,22,0.818,23,84,107,34,17,13,7,8,68,39,184,29,406.4,0,0,403.0,370,307,156,218,327,365,334,477,249,237,353,381,390,133,305,332,328,355,384,361,339,172,203,337,358,158,359,261,38,354,1
1628979,Trevon Duval,Trevon,1610612745,HOU,20.0,3,2,1,0.667,5.6033333333333335,2,3,0.667,1,1,1.0,0,0,0.0,0,1,1,2,0,0,0,0,0,0,5,2,9.2,0,0,9.0,501,486,9,78,520,507,514,9,433,480,1,497,504,497,505,508,514,490,507,505,473,1,1,513,508,218,510,261,38,509,1
2772,Trevor Ariza,Trevor,1610612764,WAS,33.0,69,22,47,0.319,2348.866666666667,294,736,0.399,145,434,0.334,130,164,0.793,50,321,371,252,106,91,21,33,130,149,863,-332,1916.2,5,0,1855.0,157,276,498,436,49,126,97,411,48,33,247,117,115,187,174,69,87,68,102,35,200,387,353,125,112,518,92,104,38,88,2
203504,Trey Burke,Trey,1610612742,DAL,26.0,58,16,42,0.276,1124.595,236,548,0.431,56,159,0.352,103,124,0.831,28,71,99,159,49,33,7,39,58,96,631,-35,1059.3,1,0,1025.0,248,341,465,454,255,170,159,291,192,201,191,145,159,109,275,347,336,130,255,230,339,419,187,198,172,333,223,189,38,225,2
1626168,Trey Lyles,Trey,1610612743,DEN,23.0,64,42,22,0.656,1119.695,207,495,0.418,51,200,0.255,81,116,0.698,44,202,246,87,68,30,23,24,93,97,546,4,1062.7,0,0,1036.0,201,95,217,95,257,193,179,340,207,159,400,186,175,351,194,168,180,235,190,251,182,324,262,196,197,206,221,261,38,220,1
202684,Tristan Thompson,Tristan,1610612739,CLE,28.0,43,8,35,0.186,1197.6883333333333,201,380,0.529,0,0,0.0,68,106,0.642,173,265,438,86,59,28,16,36,89,122,470,-302,1197.6,19,0,1082.0,331,424,397,506,243,205,241,79,454,495,454,212,186,407,27,103,63,239,220,261,238,403,247,151,236,513,202,34,38,211,1
1628972,Troy Brown Jr.,Troy,1610612764,WAS,19.0,52,20,32,0.385,729.7366666666667,97,234,0.415,22,69,0.319,32,47,0.681,35,110,145,80,30,21,5,26,56,41,248,-1,590.0,0,0,547.0,281,294,352,398,324,320,314,350,294,297,312,318,314,375,232,294,290,255,333,299,369,339,181,334,322,234,322,261,38,323,1
1628505,Troy Caupain,Troy,1610612753,ORL,23.0,4,3,1,0.75,15.633333333333333,4,8,0.5,2,3,0.667,0,0,0.0,1,2,3,4,0,1,0,0,0,0,10,8,22.6,0,0,21.0,493,472,9,29,508,490,500,107,417,458,5,497,504,497,482,501,500,473,507,471,473,1,1,513,494,199,500,261,38,498,1
203584,Troy Daniels,Troy,1610612756,PHX,27.0,51,13,38,0.255,759.73,113,275,0.411,74,194,0.381,18,23,0.783,13,60,73,26,27,26,5,6,79,31,318,-113,510.6,0,0,553.0,284,374,426,463,316,296,287,368,150,169,97,381,389,208,365,361,365,371,341,272,369,136,226,361,295,440,334,261,38,322,1
1627786,Troy Williams,Troy,1610612758,SAC,24.0,21,7,14,0.333,311.9716666666667,44,98,0.449,14,44,0.318,9,15,0.6,12,47,59,11,9,10,8,6,37,13,111,-67,243.3,0,0,231.0,417,433,136,422,402,396,400,230,324,328,313,418,412,439,372,387,390,434,429,387,319,136,144,420,403,390,400,261,38,401,1
1628463,Tyler Cavanaugh,Tyler,1610612762,UTA,25.0,11,7,4,0.636,39.498333333333335,3,10,0.3,1,5,0.2,2,2,1.0,3,5,8,1,1,0,0,0,3,1,9,-37,19.1,0,0,19.0,458,433,59,114,489,499,494,499,433,443,423,475,481,1,455,480,478,500,485,505,473,1,34,494,498,337,503,261,38,501,1
1629093,Tyler Davis,Tyler,1610612760,OKC,22.0,1,1,0,1.0,0.9116666666666666,0,1,0.0,0,0,0.0,0,0,0.0,1,0,1,0,0,0,0,0,0,0,0,0,1.2,0,0,1.0,518,499,1,1,528,519,522,519,454,495,454,497,504,497,482,520,514,510,507,505,473,1,1,513,521,226,525,261,38,525,1
1628416,Tyler Dorsey,Tyler,1610612763,MEM,23.0,48,11,37,0.229,697.8533333333334,107,264,0.405,44,132,0.333,38,61,0.623,27,86,113,56,27,14,2,19,53,50,296,-35,536.6,0,0,541.0,305,394,416,479,329,303,295,385,233,230,248,300,277,425,281,328,323,299,341,348,424,283,174,306,301,333,329,261,38,326,2
204020,Tyler Johnson,Tyler,1610612756,PHX,27.0,57,26,31,0.456,1529.075,217,526,0.413,90,260,0.346,95,127,0.748,34,139,173,166,77,54,27,29,97,113,619,-127,1241.6,0,0,1210.0,259,244,335,320,179,183,170,359,116,113,213,160,156,271,240,256,261,124,163,132,152,353,271,168,175,449,193,261,38,184,2
1628399,Tyler Lydon,Tyler,1610612743,DEN,23.0,25,20,5,0.8,93.53666666666666,9,18,0.5,4,10,0.4,1,3,0.333,7,11,18,6,4,2,0,3,10,3,23,-11,55.6,0,0,55.0,403,294,67,18,465,468,478,107,396,420,61,484,478,494,415,461,455,458,459,458,473,91,74,473,471,272,468,261,38,467,1
1627755,Tyler Ulis,Tyler,1610612741,CHI,23.0,1,0,1,0.0,0.8283333333333334,0,0,0.0,0,0,0.0,0,0,0.0,0,0,0,0,0,0,0,0,0,0,0,0,0.0,0,0,0.0,518,519,9,519,529,519,527,519,454,495,454,497,504,497,505,520,521,510,507,505,473,1,1,513,521,226,527,261,38,527,1
203092,Tyler Zeller,Tyler,1610612763,MEM,29.0,6,3,3,0.5,92.84666666666666,16,30,0.533,0,1,0.0,14,18,0.778,11,13,24,4,4,1,3,1,20,11,46,12,88.8,0,0,82.0,481,472,48,251,466,445,462,71,454,480,454,398,403,218,380,457,442,473,459,471,408,39,101,427,442,188,452,261,38,453,2
201936,Tyreke Evans,Tyreke,1610612754,IND,29.0,69,41,28,0.594,1401.9833333333333,257,660,0.389,77,216,0.356,115,160,0.719,33,168,201,166,118,58,18,53,117,130,706,64,1306.2,1,0,1302.0,157,103,292,164,199,152,121,428,141,140,174,130,120,315,248,211,226,124,85,115,222,475,326,141,153,119,179,189,38,166,1
1627820,Tyrone Wallace,Tyrone,1610612746,LAC,25.0,62,34,28,0.548,627.7183333333334,92,217,0.424,4,19,0.211,30,57,0.526,20,81,101,42,36,21,7,32,83,48,218,56,450.2,0,0,421.0,224,165,292,210,344,326,322,313,396,388,421,330,289,469,322,337,334,334,303,299,339,379,239,312,339,127,347,261,38,348,1
2199,Tyson Chandler,Tyson,1610612747,LAL,36.0,55,26,29,0.473,874.7566666666667,61,99,0.616,0,1,0.0,51,87,0.586,92,215,307,37,42,21,23,6,110,72,173,-36,686.9,3,0,605.0,270,244,312,300,297,368,398,22,454,480,454,256,219,451,75,150,130,344,288,299,182,136,303,246,363,336,304,131,38,314,2
1626145,Tyus Jones,Tyus,1610612750,MIN,23.0,68,29,39,0.426,1560.4233333333334,185,446,0.415,40,126,0.317,58,69,0.841,23,111,134,327,47,81,5,21,78,76,468,-2,1330.3,5,0,1141.0,165,209,438,353,175,228,208,349,244,244,319,230,259,91,305,292,300,38,264,53,369,305,224,236,238,239,172,104,38,196,1
2617,Udonis Haslem,Udonis,1610612748,MIA,39.0,10,8,2,0.8,74.5,11,33,0.333,0,12,0.0,3,4,0.75,3,24,27,2,3,0,0,1,9,7,25,-32,57.4,1,0,54.0,463,424,39,18,469,461,456,478,454,412,454,467,467,258,455,431,436,490,468,505,473,39,69,446,469,324,467,189,38,471,1
203506,Victor Oladipo,Victor,1610612754,IND,27.0,36,25,11,0.694,1146.6733333333334,249,588,0.423,74,216,0.343,103,141,0.73,21,181,202,186,82,60,11,50,72,130,675,127,1327.4,5,0,1279.0,364,251,111,64,251,157,144,315,150,140,223,145,139,297,317,196,224,107,153,105,290,463,213,141,163,82,173,104,38,170,1
1713,Vince Carter,Vince,1610612737,ATL,42.0,76,25,51,0.329,1330.3566666666666,196,468,0.419,123,316,0.389,47,66,0.712,31,163,194,87,48,44,27,9,141,83,562,-179,1090.3,0,0,1108.0,88,251,510,433,214,209,196,337,71,86,87,272,266,328,264,224,234,235,257,174,152,188,377,218,193,478,216,261,38,204,1
1629053,Vincent Edwards,Vincent,1610612745,HOU,23.0,2,1,1,0.5,15.716666666666667,1,4,0.25,1,4,0.25,0,0,0.0,1,1,2,0,0,0,0,0,0,1,3,-2,5.4,0,0,6.0,511,499,9,251,507,511,511,508,433,450,402,497,504,497,482,508,510,510,507,505,473,1,1,494,511,239,516,261,38,513,1
1627735,Wade Baldwin IV,Wade,1610612757,POR,23.0,16,10,6,0.625,93.65333333333334,10,33,0.303,2,9,0.222,8,11,0.727,2,13,15,12,14,1,2,5,11,9,30,-66,61.0,0,0,65.0,438,400,76,126,464,465,456,496,417,427,414,429,429,302,469,457,462,431,398,471,424,126,79,438,462,387,465,261,38,460,1
1627215,Walt Lemon Jr.,Walt,1610612741,CHI,26.0,6,1,5,0.167,167.15,38,87,0.437,2,5,0.4,8,11,0.727,4,23,27,30,10,11,1,12,14,11,86,-23,189.4,0,0,169.0,481,499,67,509,435,406,403,272,417,443,61,429,429,302,442,433,436,363,424,378,447,218,87,427,413,311,413,261,38,415,1
201961,Wayne Ellington,Wayne,1610612765,DET,31.0,53,26,27,0.491,1296.8483333333334,184,457,0.403,138,372,0.371,39,49,0.796,14,93,107,72,40,54,6,10,92,39,545,-13,921.4,0,0,982.0,275,244,271,277,220,232,203,394,53,57,121,295,308,180,360,318,328,268,294,132,358,201,257,337,198,281,258,261,38,236,2
1627782,Wayne Selden,Wayne,1610612741,CHI,24.0,75,27,48,0.36,1438.58,196,483,0.406,55,174,0.316,67,92,0.728,37,143,180,109,79,33,13,31,131,81,514,-291,952.5,1,0,950.0,98,229,500,410,193,209,188,382,193,188,321,215,208,301,224,252,253,198,162,230,260,369,355,225,211,507,252,189,38,246,2
1628976,Wendell Carter Jr.,Wendell,1610612741,CHI,20.0,44,10,34,0.227,1109.8,180,371,0.485,6,32,0.188,89,112,0.795,87,220,307,78,65,26,58,28,152,107,455,-292,1127.4,7,0,1014.0,326,400,382,481,259,237,248,143,378,358,433,172,181,181,81,144,130,259,201,272,46,349,401,180,247,508,209,87,38,229,1
1628411,Wes Iwundu,Wes,1610612753,ORL,24.0,68,36,32,0.529,1233.2,113,274,0.412,29,79,0.367,84,103,0.816,37,147,184,73,44,28,22,25,123,76,339,34,775.3,0,0,725.0,165,146,352,230,234,296,289,361,275,285,135,184,191,141,224,246,244,267,277,261,191,333,335,236,287,153,285,261,38,291,1
202325,Wesley Johnson,Wesley,1610612764,WAS,31.0,38,17,21,0.447,533.9583333333334,45,128,0.352,25,76,0.329,13,19,0.684,12,60,72,23,18,14,12,0,63,15,128,-92,308.9,0,0,300.0,358,328,202,331,353,394,375,465,286,292,274,403,400,368,372,361,368,384,377,348,277,1,193,412,393,418,384,261,38,384,2
202083,Wesley Matthews,Wesley,1610612754,IND,32.0,69,27,42,0.391,2091.0233333333335,279,698,0.4,150,403,0.372,132,163,0.81,32,138,170,160,91,54,17,30,160,158,840,-90,1406.0,0,0,1462.0,157,229,465,387,89,136,108,409,43,43,119,113,116,148,259,259,265,129,134,132,230,363,415,109,118,417,159,261,38,147,3
203115,Will Barton,Will,1610612743,DEN,28.0,43,27,16,0.628,1188.9783333333332,185,460,0.402,67,196,0.342,57,74,0.77,32,167,199,124,65,18,22,20,82,60,494,7,973.8,1,0,964.0,331,229,156,122,244,228,202,398,166,165,225,239,243,229,259,214,228,168,201,321,191,296,237,275,223,201,244,189,38,244,1
1626161,Willie Cauley-Stein,Willie,1610612758,SAC,25.0,81,39,42,0.481,2212.5466666666666,412,741,0.556,1,2,0.5,140,254,0.551,181,497,678,194,84,96,51,74,227,216,965,54,2426.6,22,0,2132.0,22,118,465,283,70,69,93,55,433,465,7,103,55,465,23,21,19,105,150,28,61,511,514,63,86,131,47,28,38,61,1
1626195,Willy Hernangomez,Willy,1610612766,CHA,25.0,58,31,27,0.534,811.8533333333334,153,295,0.519,15,39,0.385,100,144,0.694,117,194,311,60,58,16,20,31,98,110,421,-94,934.2,4,0,879.0,248,187,271,224,305,268,276,87,320,340,93,151,135,357,51,179,126,294,225,338,206,369,273,175,263,420,254,111,38,262,1
201163,Wilson Chandler,Wilson,1610612746,LAC,32.0,51,35,16,0.686,1176.3283333333334,114,273,0.418,59,158,0.373,18,25,0.72,48,167,215,82,46,25,21,7,123,28,305,107,778.0,0,0,753.0,284,152,156,71,247,294,290,344,186,203,115,381,382,314,179,214,219,251,268,280,200,156,335,369,298,91,284,261,38,283,2
1628999,Yante Maten,Yante,1610612748,MIA,22.0,2,1,1,0.5,13.033333333333333,1,4,0.25,0,1,0.0,0,0,0.0,1,2,3,0,0,1,0,0,0,1,2,4,8.6,0,0,7.0,511,499,9,251,511,511,511,508,454,480,454,497,504,497,482,501,500,510,507,471,473,1,1,494,514,206,511,261,38,511,1
1627812,Yogi Ferrell,Yogi,1610612758,SAC,26.0,71,33,38,0.465,1066.6483333333333,153,352,0.435,54,149,0.362,60,67,0.896,13,96,109,137,40,36,4,20,64,89,420,-55,836.3,0,0,800.0,144,169,426,312,266,268,257,275,198,212,156,227,263,26,365,314,326,148,294,217,388,296,196,210,265,372,274,261,38,274,1
1629139,Yuta Watanabe,Yuta,1610612763,MEM,24.0,15,5,10,0.333,174.35,15,51,0.294,2,16,0.125,7,10,0.7,4,27,31,8,6,4,1,1,11,6,39,20,97.2,0,0,90.0,441,456,102,422,433,451,434,502,417,395,445,438,436,345,442,422,430,446,445,440,447,39,79,454,451,169,449,261,38,449,1
1628380,Zach Collins,Zach,1610612757,POR,21.0,77,51,26,0.662,1355.7366666666667,189,400,0.473,40,121,0.331,94,126,0.746,109,215,324,71,77,25,66,29,174,126,512,-11,1203.3,0,0,1129.0,74,21,262,88,210,218,233,172,244,245,268,166,157,274,58,150,114,273,163,280,39,353,445,146,213,272,200,261,38,198,1
203897,Zach LaVine,Zach,1610612741,CHI,24.0,63,16,47,0.254,2170.855,530,1135,0.467,120,321,0.374,312,375,0.832,40,254,294,283,215,60,26,99,140,260,1492,-301,2312.3,2,0,2361.0,218,341,498,464,75,32,34,185,74,82,114,24,30,107,212,115,137,54,17,105,161,526,372,40,30,512,54,159,38,46,1
1629155,Zach Lofton,Zach,1610612765,DET,26.0,1,1,0,1.0,3.75,0,1,0.0,0,1,0.0,0,0,0.0,0,0,0,0,1,1,0,0,0,0,0,0,2.0,0,0,2.0,518,499,1,1,524,519,522,519,454,480,454,497,504,497,505,520,521,510,485,471,473,1,1,513,521,226,523,261,38,522,1
2585,Zaza Pachulia,Zaza,1610612765,DET,35.0,68,35,33,0.515,878.165,85,193,0.44,0,4,0.0,97,124,0.782,99,166,265,91,57,31,17,17,151,138,267,-97,808.5,0,0,719.0,165,152,372,244,295,336,332,260,454,450,454,155,159,210,69,216,156,225,229,244,230,262,400,134,316,424,281,261,38,293,1
1629015,Zhaire Smith,Zhaire,1610612755,PHI,20.0,6,2,4,0.333,110.61666666666666,14,34,0.412,6,16,0.375,6,8,0.75,3,10,13,10,6,2,2,3,8,4,40,14,76.6,0,0,77.0,481,486,59,422,457,454,454,365,378,395,110,444,448,258,455,466,464,439,445,458,424,91,62,464,447,183,456,261,38,455,1
1627753,Zhou Qi,hou Qi,1610612745,HOU,23.0,1,0,1,0.0,0.955,1,1,1.0,0,0,0.0,0,0,0.0,0,0,0,0,0,0,0,0,0,0,2,-2,2.0,0,0,2.0,518,519,9,519,527,511,522,1,454,495,454,497,504,497,505,520,521,510,507,505,473,1,1,513,514,239,523,261,38,522,1
